id,EAP,HPL,MWS
id02310,0.043959849457892164,0.02372792158078612,0.9323122289613218
id24541,0.9608946978514675,0.020236415540192506,0.01886888660833991
id00134,0.01259727113432046,0.9594335855264816,0.027969143339197967
id27757,0.814466304072494,0.17122344390397728,0.014310252023528678
id04081,0.7520632913613257,0.20152957201911653,0.04640713661955785
id27337,0.9636844032641022,0.014971872854894363,0.021343723881003297
id24265,0.9498065725666389,0.02125040623311184,0.028943021200249157
id25917,0.026435833789754257,0.018344011447279877,0.9552201547629658
id04951,0.9745851380079643,0.0068572704311371194,0.018557591560898496
id14549,0.7823568378342719,0.1550382746703012,0.06260488749542689
id22505,0.04610217607971012,0.026828980849688946,0.927068843070601
id24002,0.009542431466660188,0.9754826682813686,0.014974900251971106
id18982,0.3265209436653883,0.3908396795209537,0.2826393768136581
id15181,0.027634085396163688,0.9569276757061221,0.015438238897714125
id21888,0.7236404489549318,0.04772881860873705,0.2286307324363312
id12035,0.050407939581868545,0.016891339336087385,0.9327007210820442
id17991,0.06911761135072998,0.020805842852461173,0.9100765457968089
id10707,0.9280562689594827,0.04992327330378635,0.022020457736730944
id07101,0.10398653620409423,0.07345610704459424,0.8225573567513116
id00345,0.13439162673412813,0.8519964476444162,0.013611925621455629
id05912,0.9146326017026446,0.04746601097193395,0.03790138732542153
id13443,0.9176429351230826,0.020539520049093617,0.06181754482782382
id09248,0.4054949325830285,0.007664120794035788,0.5868409466229358
id17542,0.04660451038287719,0.9317904089660834,0.021605080651039464
id06995,0.05442044656825563,0.004098753336040147,0.9414808000957041
id25159,0.874625916436174,0.05160661253779195,0.07376747102603406
id25729,0.16858531759430395,0.8003288399684911,0.031085842437204962
id26949,0.9452486887831933,0.026560209481963918,0.028191101734842784
id27191,0.029538509867623613,0.027560712581403433,0.942900777550973
id07668,0.5299539729244783,0.003711593870211982,0.46633443320530965
id02230,0.034788560540260735,0.27497170505325474,0.6902397344064846
id15553,0.9438381374223301,0.0004396391651216667,0.05572222341254821
id25688,0.018751607168154456,0.9683467874571284,0.012901605374717125
id17545,0.947129609651307,0.02654468669665325,0.02632570365203978
id13929,0.29099521842071857,0.1563683077027182,0.5526364738765632
id12880,0.18057046369834873,0.7565562327436773,0.0628733035579739
id19282,0.819179033422781,0.07851976156328358,0.10230120501393546
id14690,0.06946830534671515,0.011813804506364309,0.9187178901469205
id17975,0.03670049742879331,0.9504820926283155,0.012817409942891106
id08037,0.913723446522249,0.007965903077403863,0.07831065040034718
id15412,0.08775375534746892,0.019854259541610603,0.8923919851109204
id25032,0.5235923992566452,0.023280125430980493,0.4531274753123743
id27165,0.9603970766082554,0.023276063065439282,0.01632686032630523
id03327,0.9505651700124099,0.022131748960120132,0.027303081027469967
id18515,0.8569524989883098,0.03747557485657717,0.105571926155113
id21003,0.08615831330660371,0.02139767026427525,0.8924440164291211
id23855,0.027330722139192357,0.8408768550791215,0.1317924227816862
id20724,0.9302301759754681,0.04106219686858253,0.028707627155949517
id13303,0.4809066410941433,0.09367842756641495,0.4254149313394417
id16521,0.02984458309776436,0.6210543149200822,0.34910110198215344
id20775,0.9195086788619555,0.00070543418868418,0.07978588694936012
id13029,0.9391977183880834,0.021503567839981745,0.039298713771935015
id14660,0.19040724905661371,0.7853237934066742,0.024268957536711846
id11028,0.03372989900327201,0.01320265410711455,0.9530674468896133
id14180,0.9328718102768665,0.03989700489292236,0.027231184830211055
id25860,0.9590347606142146,0.01882958504263676,0.02213565434314876
id11910,0.7228543792831283,0.026775628589009143,0.25036999212786254
id08065,0.17751061634046655,0.004427727099320699,0.8180616565602128
id22674,0.024717875009882647,0.016230280903297613,0.9590518440868196
id25018,0.08685030952933458,0.023486234862357395,0.8896634556083081
id10892,0.014732824968516738,0.9728889433549879,0.01237823167649535
id10217,0.31087640760249113,0.6741179372543397,0.015005655143169176
id12996,0.3099639580027796,0.04724235583183529,0.642793686165385
id18262,0.6917398494297866,0.19776937675379533,0.11049077381641807
id08606,0.016997654303196167,0.9718460467079197,0.011156298988884063
id17233,0.9401482417018917,0.01793937499889186,0.04191238329921641
id00101,0.6600735994073974,0.30271778633569385,0.037208614256908724
id12225,0.9288911813534826,0.03748891302803426,0.03361990561848314
id01364,0.03890780537933722,0.9466356237005916,0.014456570920071077
id24973,0.951115567624238,0.020096630936199775,0.028787801439562236
id25363,0.8693837417228908,0.00012743757313066144,0.13048882070397852
id10061,0.40976880457747145,0.013580836385177607,0.5766503590373508
id17673,0.2053551401359129,0.7722759451217529,0.022368914742334177
id13249,0.35986695690866183,0.027933159637985292,0.6121998834533529
id10107,0.05294176757669134,0.04394833886507703,0.9031098935582317
id04403,0.9702129588957003,0.011865363195664475,0.01792167790863529
id25728,0.9154059698026932,0.01501715578214811,0.0695768744151587
id16184,0.07279702869372957,0.02050170579321529,0.9067012655130552
id03438,0.09451562131127089,0.010907116918134455,0.8945772617705945
id22923,0.05134045447261371,0.9413881107946084,0.007271434732777839
id08610,0.9561377723806118,0.017121971905510413,0.026740255713877774
id25355,0.04860148140039808,0.01785194191092199,0.93354657668868
id16916,0.5067295021638292,0.47367584556346537,0.01959465227270528
id12793,0.03728390340437245,0.9522323844079577,0.010483712187669851
id11859,0.94132797314929,0.007139802441487562,0.05153222440922235
id02434,0.8383647677673274,0.14938920505031408,0.01224602718235848
id27703,0.04346552430601899,0.02244637357355056,0.9340881021204306
id25212,0.023644149262118257,0.9492450977768929,0.027110752960988974
id11308,0.12292857072074288,0.19012219812456352,0.6869492311546935
id26094,0.9486921785414806,0.029047922777476143,0.022259898681043187
id22080,0.9457781421908869,0.02582614240165248,0.028395715407460553
id03545,0.912841100114575,0.06529298514840218,0.021865914737022974
id23725,0.029824116015618175,0.030368582283329226,0.9398073017010525
id12009,0.44828508645354687,0.2061880071378275,0.3455269064086255
id24241,0.057063278625445774,0.8371827014158499,0.10575401995870416
id03596,0.014958453195730127,0.9683531193900519,0.016688427414218054
id10749,0.15201478638804464,0.8175834839884882,0.030401729623467075
id22794,0.03175984888668332,0.01663298864135752,0.9516071624719592
id15482,0.6431531826907969,0.319527791295177,0.03731902601402612
id04833,0.935840495000256,0.01892930326941034,0.045230201730333604
id00397,0.002661470620965179,0.004679140654735141,0.9926593887242996
id14691,0.011058198520273411,0.033806855926767125,0.9551349455529594
id05193,0.30651570260686634,0.020500440659519482,0.6729838567336143
id19541,0.9579180025960418,0.0043290629619621825,0.03775293444199605
id22166,0.04935656353026944,0.021160711959730336,0.9294827245100002
id20744,0.08201186586539465,0.01597346208176579,0.9020146720528395
id10392,0.014801315369049673,0.0018050731974895253,0.9833936114334608
id00770,0.9373113358054496,0.04516838343088609,0.017520280763664426
id06018,0.7582347609658622,0.1946470595323799,0.0471181795017578
id15678,0.4481803099143559,0.045479571605167454,0.5063401184804767
id08305,0.5696006877909804,0.398805770527241,0.03159354168177866
id08903,0.10160733207075964,0.028719764911624583,0.8696729030176157
id14752,0.7762217938913634,0.1763078145141165,0.04747039159452003
id12468,0.05011182284957831,0.927889553448272,0.02199862370214964
id05085,0.9208680429160048,0.056925597777596246,0.022206359306399095
id21993,0.43221616917496775,0.007645109514132646,0.5601387213108996
id15503,0.8120410229593868,0.0852955972952108,0.10266337974540235
id03021,0.00944774687583377,0.9799084784156318,0.01064377470853448
id16123,0.8633288706812702,0.10912744149085397,0.02754368782787592
id19383,0.8859829921008907,0.08614740861404824,0.02786959928506096
id04186,0.949044549503677,0.024245287093764077,0.026710163402558895
id17954,0.008174888205638893,0.023524226773220604,0.9683008850211404
id12030,0.09759432985008229,0.018521989253913355,0.8838836808960044
id13020,0.9464552225596841,0.029778150949724178,0.023766626490591622
id25327,0.039732828581881034,0.9345234318820858,0.02574373953603322
id16344,0.4480803109757158,0.25234760345732093,0.2995720855669632
id12303,0.0582255854690769,0.9187400754119099,0.023034339119013123
id15017,0.9335234063669186,0.0030850944749420696,0.0633914991581392
id22308,0.9224483598517891,0.020449492650086293,0.05710214749812479
id06536,0.0236015097973272,0.0007945057496664103,0.9756039844530063
id19797,0.10095627943987752,0.8788013489032575,0.02024237165686503
id06332,0.37645927613891433,0.5439168273438133,0.0796238965172724
id22941,0.059555792976653095,0.018454854688767803,0.921989352334579
id13547,0.06749221019396953,0.014554904154071872,0.9179528856519585
id06928,0.025110803063654954,0.03450995275231851,0.9403792441840266
id12521,0.8865289350009323,0.08654989011663362,0.02692117488243406
id25716,0.9440390043081421,0.02085480956595818,0.035106186125899774
id27116,0.11671889221342033,0.0038665295582469713,0.8794145782283327
id19941,0.03399040200534802,0.9390880530730272,0.026921544921624664
id05711,0.06704380432723267,0.0017031201153077523,0.9312530755574596
id02097,0.042607878966938066,0.01537979406574722,0.9420123269673146
id03563,0.021504038882201305,0.9638637963165841,0.014632164801214601
id02295,0.08528663658627895,0.8935916581717406,0.021121705241980652
id08179,0.9947912980531467,0.0003116045912372243,0.004897097355616093
id05332,0.04160837941886966,0.9072727955233694,0.05111882505776086
id15697,0.9245464823937707,0.01807185596441163,0.05738166164181766
id17026,0.06857931915091002,0.02312912830158413,0.9082915525475058
id04243,0.9095630850626045,0.05736850654726684,0.033068408390128666
id13175,0.9543691631841881,0.03846816097122083,0.007162675844591158
id05387,0.9585111707454664,0.017166980816598766,0.024321848437934918
id19989,0.9505601563196981,0.02239783684344264,0.027042006836859114
id25173,0.09447057732535323,0.043389337956173155,0.8621400847184736
id08925,0.022911515625286493,0.9565192343986334,0.02056924997608001
id03034,0.02922747447104115,0.9349598068937147,0.03581271863524424
id13272,0.011589804939106068,0.967169919747166,0.02124027531372791
id07956,0.9137717513327722,0.03595965918552622,0.05026858948170152
id02648,0.07695462793489737,0.014603200859390946,0.9084421712057117
id01778,0.05827129516820016,0.013662957924073333,0.9280657469077266
id12846,0.012815006504440502,0.0856799431818999,0.9015050503136597
id19001,0.06865597451883473,0.02903600470222098,0.9023080207789441
id05763,0.7267494448617335,0.0216930090932331,0.25155754604503333
id15590,0.031076549865189398,0.00545753136702475,0.9634659187677859
id04912,0.8635446330383686,0.069519863249895,0.06693550371173634
id21201,0.8238778063326161,0.08406605436815454,0.09205613929922933
id13215,0.9642829939818444,0.008860760493371558,0.026856245524784196
id15612,0.0538350844894469,0.9247646120680229,0.021400303442530362
id18501,0.16895169788203745,0.010477385232285502,0.820570916885677
id07223,0.9148046938366386,0.05421559427996346,0.03097971188339786
id06707,0.5197994776054027,0.19382161012097046,0.286378912273627
id05238,0.0020370031722396864,0.9762935235003729,0.021669473327387462
id00935,0.017907472716746177,0.04557962417861258,0.9365129031046413
id00110,0.8979320410522811,0.005932577866883705,0.09613538108083518
id17476,0.8432483067578661,0.09034569922926464,0.06640599401286926
id15170,0.9261162415536711,0.05509948356916795,0.01878427487716093
id13397,0.09167990855236136,0.01915133343566653,0.8891687580119721
id24283,0.8770679624529889,0.045273959088468464,0.07765807845854267
id15234,0.9262734180769208,0.05139693255701362,0.02232964936606568
id16884,0.7273635595990127,0.23665303012474428,0.03598341027624294
id07831,0.8053262337553497,0.12140961973719372,0.07326414650745655
id16038,0.9104493484141077,0.0671877939928969,0.022362857592995375
id03629,0.9402585551900348,0.020276922766355364,0.039464522043609805
id21019,0.9115048878522126,0.05465879430324979,0.033836317844537514
id21835,0.25094112290590104,0.03600639209223723,0.7130524850018617
id04480,0.03897369365013498,0.9473860437055881,0.013640262644276889
id20838,0.6553997476943388,0.3282302015726174,0.016370050733043796
id24195,0.31414386024884783,0.329756029723509,0.35610011002764314
id05448,0.9288226039091112,0.0391916290941574,0.03198576699673145
id15957,0.08580422539782726,0.8967397579532809,0.017456016648891747
id19956,0.053814271836020874,0.01831364227737631,0.9278720858866029
id15104,0.03775592866038323,0.027089864946013908,0.9351542063936028
id17559,0.830651198250705,0.14188306660959507,0.027465735139700007
id16839,0.061034787588734714,0.13448951124853592,0.8044757011627294
id14493,0.9012103834130356,0.03920231608892811,0.05958730049803622
id08833,0.8961318605203566,0.05528091808189385,0.048587221397749444
id15723,0.1315420206367008,0.01354853371185456,0.8549094456514447
id02716,0.9573577172654988,0.009539170577156938,0.033103112157344246
id06689,0.027962867105484793,0.9536134302032698,0.018423702691245474
id18837,0.3117842369828979,0.15369834872918187,0.5345174142879202
id04466,0.9503184729953116,0.005420990967959896,0.04426053603672844
id00686,0.3135876759499588,0.13540687305888055,0.5510054509911607
id09010,0.03095915695688277,0.9534772130085265,0.015563630034590827
id23353,0.9500738489769973,0.018489820656561618,0.03143633036644109
id00066,0.9289194435989618,0.03805074257997097,0.0330298138210671
id15724,0.04978202490333262,0.9262191086340044,0.023998866462663103
id23486,0.07720841267560857,0.01268058096762091,0.9101110063567704
id22258,0.041486393449599056,0.02313410745694228,0.9353794990934586
id02292,0.9299754673950335,0.04351304145540353,0.02651149114956309
id16356,0.2327220443444658,0.16700000780131527,0.600277947854219
id00235,0.9324388802465997,0.013957855807147283,0.0536032639462531
id25522,0.07332725174767589,0.01334904208531461,0.9133237061670095
id04204,0.03567772610056851,0.9383735496454382,0.02594872425399347
id22016,0.8757073762458798,0.030962808798387628,0.0933298149557326
id06480,0.023197980027724465,0.9456729452816295,0.03112907469064603
id08718,0.07263108905372768,0.015811315223024286,0.911557595723248
id05251,0.010041655623045464,0.9709414146807197,0.019016929696234964
id03359,0.9591357905554178,0.015109409251313977,0.025754800193268316
id16117,0.03970100396448518,0.037305518663806214,0.9229934773717087
id17000,0.015137194983471521,0.9615548309818208,0.02330797403470763
id01730,0.011557375092693762,0.9738935442734727,0.01454908063383343
id00630,0.8579752847992728,0.12077022519103593,0.021254490009691176
id18175,0.08597868223017495,0.0200312422560299,0.8939900755137952
id00907,0.9207556271633545,0.04884198456146014,0.030402388275185287
id18251,0.013475165111910097,0.971060013562463,0.015464821325627088
id25861,0.45342948064822824,0.4709707525768926,0.07559976677487908
id00398,0.8618338826050952,0.10805034002374649,0.030115777371158295
id27573,0.9572139186279853,0.026352599454069387,0.01643348191794525
id10022,0.03479910656916232,0.9086048326794351,0.05659606075140262
id15901,0.37227231456066456,0.001751072722335088,0.6259766127170003
id00451,0.056997604352726494,0.08871099764167957,0.854291398005594
id23129,0.03478630342679083,0.9535759602423632,0.011637736330846027
id26498,0.045819783972813284,0.9296038661863174,0.024576349840869444
id14741,0.26361208660325075,0.6764541419262161,0.05993377147053316
id18453,0.11341135991809187,0.034648834162669305,0.8519398059192388
id08309,0.9170962489304476,0.05030344374233724,0.03260030732721513
id00320,0.9765499526050916,0.00889595680628473,0.014554090588623692
id07688,0.10366630021853283,0.012174277964828239,0.8841594218166389
id01556,0.030801725679310967,0.024870500319273726,0.9443277740014152
id00178,0.2780028264372047,0.0654208211356965,0.6565763524270989
id18902,0.038320882034403245,0.01869727308432637,0.9429818448812705
id27002,0.926387697516063,0.047068853263798394,0.026543449220138675
id21418,0.9712350638593,0.012562344703127684,0.01620259143757234
id23018,0.05604709917363471,0.04325061107578692,0.9007022897505784
id07032,0.08599604996619939,0.018024179535864042,0.8959797704979365
id16195,0.6869176885372226,0.028406906322351346,0.2846754051404261
id11202,0.07856178527084902,0.9063545417995413,0.015083672929609533
id09578,0.8597542267462945,0.0227154513201552,0.11753032193355016
id26984,0.9181721573600067,0.02482601006808231,0.05700183257191095
id19856,0.021129335057460834,0.9621635263803825,0.01670713856215666
id12086,0.15121861790972072,0.026468295193918016,0.8223130868963613
id12052,0.07798174827210172,0.023231333688797137,0.898786918039101
id17728,0.027696285862614075,0.008843603201275233,0.9634601109361107
id24608,0.26074833685776344,0.012507581964903846,0.7267440811773327
id21097,0.05531553859686752,0.04727321501403846,0.8974112463890941
id20179,0.012825339389739744,0.011957523503605358,0.9752171371066548
id15144,0.5474075300222737,0.29249353289925045,0.16009893707847597
id00206,0.9657746089651331,0.008614397399889673,0.025610993634977267
id22285,0.041564662009412404,0.025076952950605923,0.9333583850399818
id06417,0.056067876299834625,0.8418250727383781,0.10210705096178714
id00215,0.08272649181808066,0.9023958056242258,0.014877702557693547
id04201,0.4122543178207049,0.01837105521934959,0.5693746269599455
id21771,0.9457698443950874,0.03206328088423759,0.022166874720675033
id12451,0.07827705088103983,0.10166731709994672,0.8200556320190134
id14250,0.04201603635767026,0.9177817918915391,0.04020217175079071
id03433,0.2419037199456406,0.7400189675272513,0.018077312527108105
id03303,0.0873198318289449,0.011973574869966775,0.9007065933010883
id25901,0.1394798776388159,0.6387342475827464,0.22178587477843772
id06945,0.16038144479187405,0.035813171589819906,0.8038053836183061
id05664,0.6304735292099418,0.3239738694785106,0.045552601311547564
id05741,0.9810354120157143,0.0035036843044974953,0.015460903679788278
id10652,0.9440562473140097,0.023665532791820994,0.03227821989416926
id16300,0.9737055687927284,0.0066704780722983996,0.019623953134973202
id12319,0.9092926853312362,0.046028207230415646,0.04467910743834818
id07500,0.012328795272398827,0.9726369319658393,0.015034272761761619
id12478,0.8564424881963735,0.09930092760367021,0.04425658419995639
id03076,0.09997316777934863,0.019698670528854677,0.8803281616917967
id00969,0.41631389756294773,0.5201412108650035,0.0635448915720487
id23636,0.048261339140395085,0.9317928667535391,0.019945794106065826
id09791,0.04009065660214106,0.0695108283481568,0.890398515049702
id05680,0.02464387492431,0.4644512424715134,0.5109048826041767
id03672,0.031061798356477474,0.5100660437739847,0.4588721578695379
id04286,0.02122373703228181,0.9444202634507901,0.03435599951692806
id23883,0.012077055306898028,0.22218833703597418,0.7657346076571278
id11914,0.07579774731110916,0.0289368652349805,0.8952653874539104
id20974,0.015639134936634918,0.9592610265027771,0.025099838560588044
id26125,0.07990878841419512,0.008875269586002734,0.9112159419998022
id15543,0.1431553232786389,0.018884716605834517,0.8379599601155266
id19471,0.9201063203719034,0.03748038879257281,0.042413290835523844
id11503,0.872927960936007,0.0828498831004601,0.04422215596353287
id09321,0.04952255522986196,0.9194103203093489,0.031067124460789162
id25560,0.05609228873735997,0.004946891719376073,0.938960819543264
id06726,0.8379901067490357,0.04889120025708092,0.11311869299388336
id05709,0.8839531310801951,0.025283825171108883,0.0907630437486959
id09788,0.06373251131636724,0.6198653475666496,0.31640214111698317
id05289,0.9633652518197114,0.004627874786133679,0.03200687339415485
id11815,0.03557025683627998,0.9453825097915688,0.019047233372151324
id22422,0.8727513735770809,0.07393109488588082,0.05331753153703823
id25954,0.8935247737386967,0.07422687288620934,0.03224835337509394
id13601,0.8928610150990615,0.052200467403117005,0.05493851749782156
id05677,0.8731608551716501,0.010215385352357005,0.11662375947599285
id10498,0.04883448103296437,0.9383032498283423,0.012862269138693424
id02665,0.33122161660585037,0.6454136182252438,0.0233647651689058
id10114,0.04643324682094921,0.37501070463866176,0.5785560485403891
id26314,0.7810390928359195,0.19356927850072278,0.025391628663357584
id21240,0.4987836134289756,0.10518126232469485,0.3960351242463295
id15569,0.9195804003577435,0.027331871340317858,0.053087728301938766
id25928,0.08594253230016251,0.02184073392930633,0.8922167337705312
id22706,0.01814587954155703,0.9565379073290211,0.025316213129421877
id20877,0.00947301965682251,0.9600316233022541,0.030495357040923432
id04318,0.722791311473998,0.027624687975969883,0.24958400055003196
id18299,0.04789782305642504,0.911401744698822,0.040700432244752824
id08126,0.008880778819766979,0.050274696746168766,0.9408445244340643
id14293,0.5648116071403171,0.01620509580997869,0.41898329704970405
id12759,0.9689900804636297,0.01621941990105914,0.01479049963531111
id11983,0.2972320269756271,0.05426594596170459,0.6485020270626682
id05580,0.02678695350279063,0.9471211829349143,0.026091863562295148
id25846,0.39341113481846424,0.30337338091003657,0.3032154842714992
id01939,0.8802010005057513,0.045616041111847194,0.07418295838240144
id26327,0.0510673791878437,0.9043237579593397,0.04460886285281653
id11068,0.03192480471723161,0.010382388930870751,0.9576928063518977
id08404,0.9733371141549647,0.009785258092575529,0.01687762775245969
id27189,0.22562272556851554,0.7569258293853655,0.017451445046118983
id15119,0.02764453546012485,0.924183833576693,0.04817163096318215
id26525,0.9489690196672006,0.028862291027705128,0.022168689305094455
id03618,0.9213055414727067,0.052733889046580565,0.02596056948071278
id27220,0.9559537376974457,0.02064557236792386,0.023400689934630403
id18777,0.0634841874198364,0.010906516560978139,0.9256092960191855
id20213,0.9478955200019559,0.024169179006043342,0.0279353009920008
id20403,0.9681785213836527,0.0064454651467296216,0.025376013469617775
id03777,0.04160791495833444,0.02195048180438351,0.9364416032372821
id10595,0.027290138623087754,0.9582446343719743,0.01446522700493808
id13816,0.47535289149700183,0.03134584600739621,0.4933012624956019
id05667,0.026546545533810948,0.04920648029091118,0.9242469741752779
id24629,0.5084369202476113,0.021319298305188777,0.4702437814471998
id20398,0.5446195235274597,0.039862773269680324,0.41551770320285997
id14108,0.040017882680568904,0.006780690669348023,0.953201426650083
id06196,0.019853560817575847,0.9621429039530197,0.018003535229404264
id02800,0.6011673404950226,0.38172518350365847,0.017107476001318896
id18732,0.03127652151419284,0.941877207186223,0.026846271299584175
id11915,0.052226481199670514,0.863322416910398,0.08445110188993153
id09739,0.9439834591574942,0.01776162693275654,0.03825491390974919
id24672,0.9518870535266437,0.020017882021221827,0.028095064452134413
id00414,0.009540138999723648,0.016104980831267282,0.9743548801690092
id16307,0.9600576111462444,0.013979533320158652,0.0259628555335969
id14043,0.08325493036723931,0.026667463383835088,0.8900776062489257
id00517,0.03146063056696059,0.005044947101033758,0.9634944223320057
id09744,0.9191274657907439,0.05591287887325441,0.024959655336001686
id19257,0.9150116606627245,0.02776674990501417,0.05722158943226124
id15437,0.8547406293436651,0.10293469957879434,0.04232467107754048
id16352,0.03015455600327476,0.02220565285376529,0.9476397911429599
id18849,0.8967968690216525,0.024415041731899078,0.07878808924644853
id19434,0.007055301682247559,0.9700032326020323,0.022941465715720127
id17928,0.035158888721704466,0.02407083011544509,0.9407702811628506
id16896,0.05077619490699123,0.03772766914541605,0.9114961359475926
id02135,0.21387831946466246,0.3404837066137911,0.44563797392154636
id15075,0.9665034956838714,0.010902628336984486,0.022593875979144213
id27486,0.00917258783883422,0.9751117994543703,0.015715612706795327
id19422,0.9271540888784126,0.040152178909334604,0.03269373221225273
id09603,0.036499134094361826,0.9300248212948733,0.033476044610764956
id02133,0.05471333643275105,0.9263293057716426,0.01895735779560631
id03441,0.34592860538547116,0.013654394120905244,0.6404170004936236
id02398,0.01497658971225502,0.9700906951928344,0.014932715094910573
id05152,0.18023827279432758,0.0807207030547355,0.739041024150937
id17838,0.13712595401346703,0.008717151430393961,0.8541568945561391
id25060,0.9385839150154411,0.03151097655487015,0.029905108429688767
id09998,0.06162854408390621,0.015201059334046103,0.9231703965820476
id01828,0.05187314134446875,0.9318649232270911,0.016261935428440125
id25377,0.30796857329918403,0.03716583838380057,0.6548655883170154
id22175,0.048062524766910475,0.932594456764364,0.019343018468725603
id02974,0.04254738696566216,0.047408854571877615,0.9100437584624602
id26955,0.9481391744172126,0.031084911943539666,0.020775913639247655
id21091,0.9084512580290309,0.01867884739140544,0.07286989457956362
id12802,0.7387054955029496,0.2496401388619777,0.011654365635072503
id07432,0.01323708829312879,0.9769484138664275,0.009814497840443626
id18749,0.044267312667863525,0.91801905241425,0.03771363491788643
id15030,0.014072047607992254,0.01182521656383324,0.9741027358281745
id17155,0.014874137250854418,0.9579240342756972,0.027201828473448392
id08128,0.015404935497837306,0.9560870377104017,0.028508026791760937
id25706,0.01610660259180528,0.9607032176452123,0.02319017976298266
id15645,0.9310876178679496,0.046090280792893824,0.02282210133915641
id04943,0.9129627394827002,0.025542673389246245,0.06149458712805342
id27566,0.011578504990760933,0.012249107363436137,0.9761723876458028
id11765,0.3131301117131751,0.08964329768513842,0.5972265906016865
id13783,0.5653431952222453,0.3190547300862997,0.11560207469145505
id00492,0.013669978515141078,0.03643827336058666,0.9498917481242724
id27636,0.09743963396073102,0.005736152196761348,0.8968242138425077
id04273,0.8793367787061318,0.09077788191595851,0.029885339377909683
id02537,0.18414866353783396,0.023505760640631843,0.7923455758215343
id24349,0.9400380484334779,0.0400022704477496,0.019959681118772412
id00023,0.01747310657050287,0.9647261516459761,0.01780074178352091
id23025,0.16312925933512318,0.8190376011187255,0.017833139546151403
id08722,0.9265309452418695,0.03302782061578769,0.04044123414234275
id02420,0.9417743737315051,0.030725520052894358,0.027500106215600638
id10811,0.9162034195082994,0.06417940497511619,0.019617175516584418
id04019,0.02943734719512532,0.009261067476949356,0.9613015853279252
id18334,0.9528618881936074,0.02949227205936284,0.01764583974702986
id16781,0.509296751986248,0.4636134475505788,0.027089800463173254
id08773,0.8151612292931186,0.16704599437548523,0.017792776331396157
id19214,0.9341028612651533,0.03275776407627336,0.0331393746585733
id09589,0.026857842296122883,0.9605250877461103,0.0126170699577666
id24246,0.9095384603518665,0.037024811086661565,0.05343672856147197
id23577,0.9382994558657751,0.03846648173769914,0.023234062396525892
id09305,0.8908534270853712,0.011852362741274576,0.09729421017335413
id16460,0.07556683246618627,0.021071506158552213,0.9033616613752615
id21115,0.9035627844983553,0.04128592653801398,0.055151288963630835
id25996,0.08691345361743778,0.5241835048461867,0.38890304153637545
id02551,0.04916465873977711,0.005605435400352098,0.9452299058598708
id19352,0.021608322605547334,0.01011288361152653,0.9682787937829261
id03806,0.07016453225296546,0.019147964337868577,0.910687503409166
id26544,0.9256786666228122,0.01596119290833666,0.05836014046885115
id18761,0.9418347920766098,0.01964633292172077,0.038518875001669346
id24148,0.03423786305182461,0.9225252978536729,0.043236839094502565
id16095,0.04403493065283407,0.9339697014071215,0.02199536794004441
id18442,0.9341474056719041,0.017738205874303057,0.04811438845379289
id22596,0.021370419295419236,0.014194343168777232,0.9644352375358034
id23002,0.1137873853578926,0.009176403804511579,0.8770362108375959
id04797,0.9671307094759164,0.018444412526593266,0.014424877997490412
id06610,0.06638572270422459,0.021772455460361242,0.9118418218354143
id16173,0.5120008236699287,0.4410307893565006,0.04696838697357066
id18292,0.05445370468979743,0.03395411164987095,0.9115921836603316
id27328,0.9537232733814979,0.024289788442406934,0.021986938176095205
id01695,0.015215913338272952,0.9576160632898372,0.02716802337188992
id05761,0.5065357487833564,0.048857045876198345,0.4446072053404452
id16354,0.9472037747035921,0.03271214061289774,0.020084084683510087
id12207,0.09333322131209104,0.6513456575238601,0.2553211211640489
id05665,0.04972995065226832,0.0232986418005443,0.9269714075471874
id01911,0.9279923067848754,0.049075178941637446,0.022932514273487276
id19153,0.13481126831581353,0.008609124072199452,0.8565796076119869
id10295,0.2950924332581399,0.6627932317518817,0.04211433498997844
id23038,0.8513186783259549,0.11004992062751111,0.038631401046533974
id23783,0.15369188618679933,0.8110267614404569,0.03528135237274371
id27879,0.9667154362235902,0.01799916852797658,0.01528539524843323
id19190,0.03089454014178045,0.9497717343931429,0.019333725465076605
id05065,0.9429215217198307,0.034805778520256625,0.02227269975991282
id21296,0.045345057854199115,0.9263612962771295,0.028293645868671554
id13262,0.29989961229183526,0.07921984121442154,0.6208805464937432
id10333,0.953830253656628,0.0265294360980018,0.01964031024537025
id16677,0.011921699247728146,0.9104872026583651,0.07759109809390675
id01392,0.37188797741482893,0.034735537251501886,0.5933764853336693
id27874,0.8799407363823694,0.07952736593743867,0.04053189768019187
id02294,0.04828891080121403,0.9333596468191648,0.018351442379621177
id18298,0.0530265165649113,0.020270635920515603,0.9267028475145731
id06997,0.9687529598303131,0.009164995100532095,0.022082045069154805
id05243,0.12726887651177057,0.36593859012371427,0.5067925333645151
id00860,0.07950256251334084,0.8331833716106414,0.08731406587601771
id26681,0.9608422424146791,0.003556796146689831,0.035600961438631194
id06020,0.15682785008496974,0.0013287798978408392,0.8418433700171895
id27683,0.9191772759827548,0.025230000086963206,0.05559272393028189
id17655,0.014718379354823806,0.9693540039133309,0.015927616731845232
id08817,0.04876226033865933,0.018753615911893357,0.9324841237494472
id11512,0.03505500307376266,0.02443786468286531,0.940507132243372
id00478,0.0727868863830894,0.025085338581183336,0.9021277750357274
id02116,0.9432069474232473,0.03533485894418318,0.021458193632569657
id06746,0.9281685654852232,0.04472422240915345,0.02710721210562341
id03863,0.48320426764744884,0.47767875961618844,0.03911697273636274
id01802,0.042128342426115635,0.871717599829512,0.08615405774437229
id11682,0.8207761090420748,0.025288001425703425,0.1539358895322218
id04033,0.03001858354267974,0.9584501399482435,0.011531276509076734
id09286,0.34226806840143165,0.3925416255540731,0.26519030604449517
id12904,0.9649265882625812,0.013883191175162872,0.021190220562255935
id07420,0.008090780558410799,0.037193666156616526,0.9547155532849726
id22398,0.005761646591794319,0.9716409195898807,0.022597433818324804
id00424,0.0709074704654921,0.03139530582821032,0.8976972237062976
id20960,0.9298967497723998,0.045877842983696966,0.024225407243903225
id10267,0.4804210258237599,0.2720336118864066,0.24754536228983343
id19330,0.6359956060746755,0.04657630699154518,0.31742808693377933
id00994,0.027437765820898723,0.9527188165892648,0.019843417589836418
id10785,0.9255740019033692,0.0395602443749131,0.03486575372171765
id00955,0.06257284155026958,0.9079932074892656,0.02943395096046486
id09757,0.01980948796115498,0.9498159262571763,0.03037458578166874
id10030,0.08545656677964537,0.04130436837430763,0.873239064846047
id22952,0.07542036493043815,0.06367860249522592,0.8609010325743359
id21955,0.013407122795240803,0.016815625946956365,0.9697772512578029
id07674,0.6122629695361473,0.0506209429324968,0.3371160875313558
id13760,0.02786495915741495,0.9627450430275003,0.009389997815084815
id18166,0.929879158459282,0.01372370354548446,0.0563971379952334
id23498,0.9412866459469346,0.019373217206001943,0.039340136847063494
id05296,0.9487611305135577,0.03313891321110269,0.018099956275339557
id26709,0.9559428080914416,0.017251767709930307,0.026805424198628074
id02853,0.9625208504687911,0.013738905121328094,0.02374024440988074
id06800,0.3256088934405745,0.03614587168048921,0.6382452348789363
id14758,0.7727259777927976,0.19220039587715998,0.035073626330042434
id12356,0.9738849309459797,0.0041177767135021056,0.02199729234051823
id21492,0.9442600797744171,0.024758372283088706,0.03098154794249413
id27540,0.905017121178588,0.017819380951093797,0.07716349787031815
id07376,0.13568952277216298,0.07701925241122198,0.787291224816615
id15201,0.02961813355615697,0.9495696390146485,0.02081222742919449
id23388,0.01742487152356127,0.9593008198111402,0.0232743086652986
id13923,0.044585687283511435,0.9467641999289125,0.008650112787576157
id00794,0.0199752726525347,0.9509819252611461,0.029042802086319205
id23910,0.054235981574537136,0.015432959080358978,0.930331059345104
id02556,0.06206076502599421,0.015727166976684408,0.9222120679973215
id22151,0.013632577248125869,0.9657251984243408,0.02064222432753341
id11698,0.03686049714147992,0.9426586462798437,0.020480856578676404
id11627,0.5360764062985744,0.01652913202651254,0.4473944616749129
id06340,0.9402583534275948,0.03391229220265689,0.025829354369748207
id05123,0.9520996893651059,0.021600255819666403,0.026300054815227618
id26620,0.06624700250756231,0.01970913505195623,0.9140438624404815
id04002,0.08078920900986673,0.10512605045455697,0.8140847405355762
id26554,0.5187414441752264,0.08155853274470053,0.39970002308007296
id18012,0.40904046505998165,0.0438139389189653,0.5471455960210531
id12964,0.13211857245456277,0.018848022636597305,0.8490334049088399
id18965,0.02170439551798148,0.8044611326553694,0.17383447182664913
id19082,0.13909367457362795,0.017424158923292188,0.8434821665030799
id26742,0.03953696873850402,0.013058831969084922,0.947404199292411
id15442,0.04134163151273553,0.9196380782958496,0.039020290191414835
id16647,0.6607312766951998,0.05928789292414616,0.279980830380654
id11544,0.13201517516667563,0.03804913916165238,0.829935685671672
id20581,0.5592114559637532,0.019620718966371027,0.4211678250698756
id13192,0.22824214739531715,0.7177596752023898,0.05399817740229298
id15814,0.0920573206300718,0.02260656707988654,0.8853361122900417
id26279,0.03099676844170513,0.9548639610070985,0.014139270551196266
id00240,0.9522466680904361,0.016579525775919667,0.03117380613364424
id22836,0.9679514797980603,0.013567401042814845,0.01848111915912484
id15085,0.012937366987628082,0.24547757021346728,0.7415850627989047
id17495,0.5032616375231425,0.01576894073114131,0.48096942174571633
id26762,0.8795029406822916,0.017233365035419113,0.10326369428228922
id13685,0.9673401279068347,0.011817283140075885,0.020842588953089502
id16560,0.024107556914470755,0.9568665404715015,0.0190259026140275
id17184,0.033359098047910575,0.9403513934654799,0.02628950848660945
id21635,0.9729508744655497,0.0035121013216600203,0.02353702421279038
id26751,0.5369907206065866,0.023937346820923567,0.4390719325724898
id12351,0.959196316448783,0.016536396489702242,0.024267287061514847
id14872,0.24867331721377306,0.5924190004109997,0.15890768237522726
id18372,0.9360179409763282,0.03325999957062469,0.03072205945304712
id26851,0.9172852812764954,0.0554401157670815,0.027274602956423043
id22659,0.26766659403102294,0.7182679049170043,0.014065501051972748
id04102,0.02167453310335272,0.0426633666845982,0.9356621002120491
id02353,0.025632962301390057,0.94461583617854,0.029751201520070044
id26721,0.974775178821179,0.0031700287394701484,0.022054792439350743
id11171,0.8989714857006302,0.009812522596705498,0.09121599170266428
id13562,0.5217687199792768,0.45119641349103684,0.027034866529686417
id26425,0.26071572977272417,0.09741927179439668,0.6418649984328791
id26394,0.5315019947989253,0.0889321149066793,0.37956589029439536
id22187,0.11844491454413637,0.8474443646211244,0.03411072083473912
id00422,0.9460631816464493,0.03706402130113066,0.016872797052419976
id22667,0.0071108203559629435,0.971040370307158,0.021848809336879077
id00911,0.9262183358927356,0.03160012104687157,0.04218154306039277
id17291,0.07629434766130976,0.01954500620866222,0.9041606461300279
id01915,0.09164385268007255,0.08679384582397288,0.8215623014959546
id01434,0.07178323822356449,0.01740071810618203,0.9108160436702535
id01584,0.6466691599385976,0.01781540285118989,0.3355154372102124
id09266,0.9365503655644511,0.03982864065827273,0.023620993777276028
id17494,0.02908511150109489,0.9578075274317881,0.013107361067117032
id24919,0.1399543721416281,0.25890079695452073,0.6011448309038512
id21043,0.2214326471120658,0.0013158837956319868,0.7772514690923022
id17796,0.01361577347573712,0.9607944367942033,0.025589789730059594
id02166,0.8520434397989585,0.006945288134838032,0.1410112720662035
id17503,0.8450916820734805,0.049739510520377374,0.10516880740614214
id21203,0.16045791018778122,0.02660142607536403,0.8129406637368547
id25626,0.9712769073253255,0.01283785788508342,0.01588523478959098
id09836,0.9612425544566467,0.016639969793387065,0.02211747574996623
id24202,0.04368060404256208,0.03749740606919375,0.9188219898882442
id27260,0.8806707564001076,0.01262604354098169,0.10670320005891075
id23167,0.01737149550633613,0.034718860338660895,0.947909644155003
id10393,0.06285968053420117,0.927653507824441,0.009486811641357834
id01171,0.8489350298073665,0.13597003039386427,0.015094939798769256
id06380,0.9496059520755542,0.031290620332452716,0.01910342759199303
id22686,0.058622222579476024,0.01828916323901682,0.9230886141815071
id26250,0.13845048267789536,0.035359094247941605,0.826190423074163
id09315,0.2485521124397206,0.6809353271995282,0.07051256036075118
id00886,0.053410301154017216,0.9099958702887352,0.03659382855724747
id03101,0.7682005247195208,0.02468901935507612,0.20711045592540295
id12367,0.6983031700349666,0.013669771388375366,0.28802705857665806
id10770,0.9456148388663848,0.02279109286520919,0.031594068268406016
id14949,0.015466491635693429,0.9705322082247464,0.01400130013956
id14141,0.1047723521360055,0.8848133265282927,0.01041432133570188
id25417,0.6278706287810986,0.3224032949422119,0.04972607627668953
id26873,0.830713579338659,0.08086368855433809,0.08842273210700295
id10818,0.9262294039612944,0.02789531487517889,0.045875281163526696
id15146,0.9037952200756887,0.02398671279869021,0.07221806712562105
id23328,0.9408701834865276,0.022842600573285056,0.03628721594018731
id16765,0.06060335725302477,0.5682731591664039,0.37112348358057135
id24383,0.958431095028895,0.019543313588232157,0.022025591382872804
id21304,0.9489340405968638,0.008868734552654654,0.04219722485048139
id12551,0.03184220477751304,0.9571426010515025,0.011015194170984349
id23274,0.033242829703681386,0.00827282570448155,0.9584843445918371
id08117,0.9466884116365397,0.010560988054478353,0.042750600308981875
id23961,0.9474175318047776,0.02774973596961039,0.024832732225611973
id13865,0.03800050447386054,0.9467851729889639,0.015214322537175588
id22807,0.08781391251520573,0.013041540332720382,0.8991445471520738
id08951,0.07823430766454297,0.0498469166748059,0.8719187756606511
id18684,0.9440693965232665,0.02902729263361345,0.026903310843120136
id25179,0.3735876141218053,0.49646122125619335,0.1299511646220013
id27033,0.9261582335573516,0.031392076453277205,0.04244968998937115
id13977,0.05134606805474374,0.9180562164378792,0.030597715507377023
id19337,0.014579178014519538,0.9571860696473773,0.028234752338103207
id25764,0.02367584614050281,0.9629602130796028,0.013363940779894563
id16106,0.36389891318114825,0.010447586547950553,0.6256535002709013
id05468,0.0186873355548967,0.04056138156270293,0.9407512828824003
id05241,0.9557188261844298,0.017033697147768843,0.02724747666780141
id10215,0.8713833686589285,0.017005963236201536,0.11161066810486997
id23457,0.029536548165072587,0.014311587966817923,0.9561518638681094
