id,EAP,HPL,MWS
id02310,0.02623408702267898,0.006247133070308391,0.9675187799070138
id24541,0.9337599491862483,0.061785741116479005,0.00445430969726551
id00134,0.010741853129979,0.9845676065374777,0.00469054033254568
id27757,0.6819952131278665,0.31436550969380384,0.003639277178322558
id04081,0.6201844185419264,0.28617632615776106,0.09363925530031081
id27337,0.9059168342318238,0.09294510715112943,0.0011380586170476623
id24265,0.935953818717008,0.05555428471348971,0.008491896569501119
id25917,0.013003396682292811,0.039063041529463605,0.9479335617882404
id04951,0.9892252011215782,0.01067864895956022,9.614991886314671e-05
id14549,0.5790382612589655,0.27166831546211445,0.14929342327891956
id22505,0.13400919396145758,0.024471807321835147,0.8415189987167131
id24002,0.0013688216088374,0.997683544399803,0.0009476339913635455
id18982,0.42009747042377155,0.24263300759423262,0.33726952198199583
id15181,0.017587251051960656,0.9806989078227093,0.0017138411253271766
id21888,0.5692175656852493,0.07408671587034259,0.3566957184444052
id12035,0.0015633854383063483,0.000174117267388459,0.9982624972943053
id17991,0.046726156580112456,0.0043106890626161045,0.9489631543572694
id10707,0.9997615630573566,4.204082619786172e-05,0.00019639611644459298
id07101,0.16515015835992616,0.12496627441887465,0.7098835672211969
id00345,0.25382455548040783,0.7421458617707026,0.004029582748891156
id05912,0.9142018625634809,0.02324038395169186,0.06255775348482563
id13443,0.964110584565066,0.015261745315519604,0.02062767011941654
id09248,0.33445466733594287,0.019360399664325748,0.646184932999732
id17542,0.01077112038689878,0.9827513115825013,0.006477568030599804
id06995,0.07406099973035697,0.008483117524649648,0.917455882744991
id25159,0.7931810740721775,0.07257278727043712,0.13424613865738713
id25729,0.29123129789014474,0.6801728677241993,0.028595834385657114
id26949,0.9265130028838107,0.06370576630880322,0.009781230807382892
id27191,0.03356184478927928,0.002028798020689776,0.9644093571900274
id07668,0.3688309401074032,0.007626549441943878,0.6235425104506488
id02230,0.06523069208581807,0.2611218299896694,0.6736474779245125
id15553,0.9985777331839408,0.0003783170817390155,0.001043949734324328
id25688,0.0018699024417719943,0.9924327305988822,0.00569736695934875
id17545,0.9962485151656286,0.0009700591007049766,0.002781425733664629
id13929,0.2778973749174861,0.25649327700854885,0.46560934807396354
id12880,0.37868716247462386,0.4122985552728035,0.2090142822525694
id19282,0.687044696360219,0.10053663237587517,0.21241867126390718
id14690,0.0013759616007832682,0.0009204618854560577,0.9977035765137634
id17975,0.009017165550940889,0.9854041986266096,0.005578635822451579
id08037,0.9253572213089585,0.012160199053766274,0.06248257963727751
id15412,0.0887666337564243,0.002746944180054545,0.9084864220635223
id25032,0.41362639714871025,0.057342119407302654,0.5290314834439868
id27165,0.9989957206691376,0.0005110925053166759,0.0004931868255441481
id03327,0.8426341631165079,0.09155715067315537,0.06580868621033793
id18515,0.6403961982373318,0.17456334861981018,0.1850404531428579
id21003,0.2013754847052377,0.03790539152435168,0.7607191237704134
id23855,0.002312755735942461,0.7561585022398694,0.24152874202418956
id20724,0.8902274224519084,0.09952588281035936,0.010246694737731734
id13303,0.3171352490098428,0.16391369233264827,0.5189510586575069
id16521,0.010461047923983793,0.5369719527801593,0.45256699929585564
id20775,0.9967021754272197,0.0029496571205171614,0.0003481674522627932
id13029,0.9764037178431089,0.015938656319092297,0.007657625837802316
id14660,0.31783993881144834,0.6470266163947032,0.03513344479385085
id11028,0.00847735764713745,0.0007554667822392194,0.990767175570622
id14180,0.868289590485561,0.09317392719983787,0.03853648231460399
id25860,0.9985852193179584,0.0006936735511649801,0.0007211071308806515
id11910,0.628872481382802,0.026564740794724147,0.34456277782247574
id08065,0.10093855894065605,0.019084457178525648,0.8799769838808151
id22674,0.04577640042476988,0.002581605711455904,0.9516419938637755
id25018,0.1617708224079259,0.017597564449404298,0.8206316131426697
id10892,0.047917670995020124,0.9460080794474081,0.006074249557568103
id10217,0.47454016605401,0.5177697704574519,0.007690063488536808
id12996,0.27354159002504885,0.15323834189250501,0.5732200680824451
id18262,0.4375753687915894,0.2609341499545533,0.3014904812538573
id08606,0.011839339531985644,0.9804177147131992,0.007742945754810043
id17233,0.960666256924256,0.011983905238478698,0.027349837837263878
id00101,0.5538834176046227,0.39379063659480806,0.0523259458005673
id12225,0.8721812119610451,0.10746967820232135,0.02034910983663402
id01364,0.006951220446009369,0.9869987076949567,0.006050071859034482
id24973,0.9555673393252727,0.007441127785519118,0.03699153288921143
id25363,0.645468364043622,0.003743637558032591,0.35078799839834246
id10061,0.41935996807294457,0.022782533199115666,0.5578574987279374
id17673,0.2904530758678253,0.6749374763177378,0.03460944781443796
id13249,0.30949721345549097,0.08262038396850453,0.6078824025760053
id10107,0.0949796280516362,0.027894387349501677,0.8771259845988625
id04403,0.9638201074279651,0.0005942918285995998,0.03558560074343454
id25728,0.7911468293077136,0.013627016261556438,0.19522615443072835
id16184,0.061610823790903615,0.023025319581350127,0.915363856627745
id03438,0.037914494902898985,0.00248417981781921,0.9596013252792815
id22923,0.017268910107227864,0.9818877835420334,0.0008433063507368927
id08610,0.9977571095956713,0.0014095477916810388,0.0008333426126499647
id25355,0.007600478733793894,0.0032520954027437598,0.9891474258634636
id16916,0.46867332121815114,0.5040699252632953,0.027256753518553885
id12793,0.015328923748174973,0.9787947919897576,0.005876284262064904
id11859,0.8448593871237713,0.02485606082724512,0.1302845520489848
id02434,0.9997334675872106,2.2933349838155425e-05,0.0002435990629455151
id27703,0.003925944755543313,0.0003448890035930083,0.9957291662408662
id25212,0.0873072133207511,0.8780101360141994,0.0346826506650446
id11308,0.11922514937648496,0.34729490568507293,0.5334799449384404
id26094,0.9847756314856634,0.008254952418418312,0.0069694160959182915
id22080,0.9525557008885371,0.044095196461852955,0.0033491026496109974
id03545,0.9970556687578216,0.0028093567620854224,0.0001349744800914171
id23725,0.014204186958761566,0.0021411554496032523,0.9836546575916383
id12009,0.3036859507540046,0.32403904337079226,0.3722750058752038
id24241,0.028790655121951864,0.738130759517033,0.23307858536101445
id03596,0.005146267799353295,0.9937573619935871,0.0010963702070608183
id10749,0.2831223220641147,0.6127312279420415,0.10414644999384348
id22794,0.024277263721847592,0.008252086435482265,0.9674706498426706
id15482,0.6969441587880909,0.20951538184771765,0.09354045936418853
id04833,0.9077337250472983,0.057483287867746806,0.03478298708495822
id00397,0.01078293824229857,0.00018764395992719365,0.9890294177977715
id14691,0.016685863944562198,0.023883621528478935,0.9594305145269642
id05193,0.3362098459399557,0.02363721397332626,0.6401529400867216
id19541,0.9331539685038205,0.016948942288309597,0.04989708920786831
id22166,0.003491314795494516,0.001156914162746659,0.995351771041762
id20744,0.09460108323211197,0.0030767383005753713,0.9023221784673129
id10392,0.002264945989302452,0.00590529938740706,0.9918297546232855
id00770,0.9568780280925321,0.02747827167783246,0.015643700229632043
id06018,0.5351601904726535,0.4355694979576337,0.029270311569715254
id15678,0.48587988958849876,0.0204628334326084,0.4936572769788961
id08305,0.49177800601817495,0.4755363156334697,0.03268567834835521
id08903,0.139649015722297,0.03022470434698802,0.8301262799307136
id14752,0.7819231096318319,0.20743369445697818,0.01064319591119236
id12468,0.15090617450747912,0.8387401313648822,0.01035369412763565
id05085,0.9273692165865378,0.0632624767864489,0.00936830662701082
id21993,0.32263145139297555,0.039810518977586744,0.6375580296294407
id15503,0.6800998451595499,0.118633294124946,0.20126686071550437
id03021,0.0003007559795417732,0.9992645825359276,0.00043466148452638394
id16123,0.9983175696832777,0.0009221344444442832,0.0007602958722813505
id19383,0.7856842417572706,0.1017670966295508,0.11254866161318129
id04186,0.994430764338857,0.00015817963308967326,0.005411056028055231
id17954,0.017363585000094064,0.0007261328845200846,0.9819102821153887
id12030,0.0919409461526611,0.00647031561312126,0.9015887382342187
id13020,0.9746810656552111,0.013819214319279734,0.011499720025510616
id25327,0.004596688788116417,0.9065591650608191,0.08884414615107007
id16344,0.3523701958766606,0.3243456309160924,0.32328417320724345
id12303,0.0520837124535896,0.9252939095351013,0.02262237801131223
id15017,0.9876348051771429,0.011816765344324302,0.000548429478530858
id22308,0.8117466214244435,0.060474547339416075,0.12777883123613837
id06536,0.005807348319115886,0.01802322700982097,0.9761694246710644
id19797,0.09183499463852757,0.8871830727397952,0.020981932621677014
id06332,0.26618176421074335,0.5576880955929407,0.17613014019631582
id22941,0.031228196547990073,0.0198198389303829,0.9489519645216278
id13547,0.01774879559874584,0.010714600020710365,0.9715366043805411
id06928,0.006782346774485383,0.0014973991470244577,0.9917202540784933
id12521,0.7563120089180795,0.20200182684750592,0.041686164234412064
id25716,0.9387691849230985,0.006934822848152347,0.05429599222874746
id27116,0.024685112346559734,0.00022827130237211665,0.9750866163510661
id19941,0.03658474059460567,0.9337488192033652,0.029666440202031415
id05711,0.0006929828748978366,0.00017558092498467105,0.9991314362001182
id02097,0.0044233804847129245,0.01405799956415166,0.9815186199511372
id03563,0.021798814105376135,0.9757864270625268,0.0024147588320992805
id02295,0.08234087601615646,0.9057895832806309,0.011869540703213072
id08179,0.9998293177236979,0.00010625881307301178,6.442346322741221e-05
id05332,0.017407573562615405,0.844285613499015,0.1383068129383704
id15697,0.820839617762711,0.02845240480838052,0.1507079774289142
id17026,0.06683397856281144,0.010434956503373448,0.9227310649338148
id04243,0.9397123699710208,0.014970248189981779,0.0453173818389996
id13175,0.9997163884980326,0.00013194725370242408,0.00015166424826224442
id05387,0.9525273571457564,0.022584525083582538,0.024888117770654763
id19989,0.8981280979166301,0.06463711107476477,0.037234791008605876
id25173,0.15441812111270264,0.015408381867560847,0.8301734970197395
id08925,0.0034178596175474525,0.9945295755430155,0.002052564839434183
id03034,0.012344730316869916,0.9001134791856873,0.08754179049744319
id13272,0.008962778261685976,0.9836320286418446,0.00740519309647288
id07956,0.9606217420766604,0.002066810224191993,0.03731144769914622
id02648,0.02764319875410444,0.013818811446950997,0.9585379897989451
id01778,0.01825495247814291,0.005785249918150292,0.9759597976037091
id12846,0.0016085749665663465,7.539445107912477e-05,0.9983160305823513
id19001,0.0764762794923818,0.04507157073929103,0.8784521497683262
id05763,0.5479301528737368,0.043647961973020316,0.4084218851532434
id15590,0.007720082585346187,0.0007567870993502881,0.9915231303153059
id04912,0.6376597238255327,0.15591889424537467,0.2064213819290934
id21201,0.7489805426169369,0.18881504677193478,0.06220441061113042
id13215,0.9679295569542005,0.001435807145001967,0.030634635900799737
id15612,0.05858193058048213,0.912489377489057,0.028928691930457977
id18501,0.09969938285292404,0.04545405108165328,0.8548465660654232
id07223,0.815858014801911,0.13124450891195832,0.05289747628612969
id06707,0.46082616937145626,0.22915647919321389,0.31001735143532655
id05238,0.0012683341087393694,0.998382677264814,0.00034898862644946516
id00935,0.01098053979600592,0.07257034828056248,0.9164491119234321
id00110,0.8125677642620568,0.007850846280010572,0.17958138945792979
id17476,0.8138458214056986,0.15899742686430185,0.027156751730001087
id15170,0.999185972202081,0.0006320470801620339,0.00018198071775402387
id13397,0.12149124598638383,0.1158579634241103,0.7626507905895069
id24283,0.6354250714712202,0.1350953972720092,0.22947953125676868
id15234,0.8679866882109452,0.12366155719931096,0.008351754589745141
id16884,0.6076368202522101,0.31844085729539323,0.07392232245239341
id07831,0.6143451806325331,0.2111756739158634,0.17447914545160478
id16038,0.8401735976724014,0.14910975236676163,0.010716649960838284
id03629,0.8748132347838866,0.042404259614318734,0.0827825056017981
id21019,0.814339967986571,0.1458738632116751,0.03978616880175542
id21835,0.2936419580794981,0.07747386086972928,0.6288841810507706
id04480,0.08033684406640826,0.9189806309161626,0.0006825250174292279
id20838,0.7027281615282371,0.2584461643047511,0.03882567416700878
id24195,0.28419955230757166,0.34948745087900174,0.36631299681342605
id05448,0.8854281781233015,0.03935587539906933,0.07521594647762918
id15957,0.09714611222488038,0.8955894816710711,0.007264406104047051
id19956,0.001088646602581237,0.00024523864106699024,0.9986661147563516
id15104,0.011541222627794754,0.022834602317593867,0.9656241750546095
id17559,0.7201777063588938,0.2522302632275571,0.027592030413548657
id16839,0.12687359012877408,0.10132171449258782,0.771804695378641
id14493,0.8745643300652456,0.015569195783890741,0.10986647415086052
id08833,0.8785888987806743,0.018582873937383622,0.10282822728193992
id15723,0.15422075366159707,0.00843655512272488,0.8373426912156787
id02716,0.9801934796711402,0.0031548736369188053,0.016651646691944074
id06689,0.025362049179975255,0.9412459286527443,0.03339202216727999
id18837,0.32937014441394735,0.2363649471667549,0.43426490841929577
id04466,0.8560280876808573,0.09823410728782135,0.045737805031319786
id00686,0.4328861299519211,0.037407223807066896,0.5297066462410119
id09010,0.02978493120750146,0.9679494633159934,0.0022656054765077924
id23353,0.9767441711570549,0.009219852425262284,0.014035976417679579
id00066,0.8559489492832053,0.11238020819300636,0.03167084252378774
id15724,0.05622731819593864,0.8948329932697523,0.04893968853430692
id23486,0.033120118028169276,0.006326100014017827,0.9605537819578146
id22258,0.0025256007870030767,0.01030461858322606,0.9871697806297707
id02292,0.8836354541041623,0.09218570147691656,0.024178844418921156
id16356,0.3594644014762524,0.06497838382738368,0.5755572146963631
id00235,0.8591751477892094,0.001738977802489652,0.1390858744082994
id25522,0.05210343216392493,0.006531610196824184,0.9413649576392528
id04204,0.0811251649425309,0.9103717725267219,0.008503062530748765
id22016,0.7208057737711369,0.08443352402935979,0.19476070219950395
id06480,0.08112338510078225,0.8296595557512744,0.08921705914794695
id08718,0.019680197565190863,0.000822490228858711,0.9794973122059496
id05251,0.00042383639310900794,0.9989646200109313,0.0006115435959577289
id03359,0.9284012595664208,0.02075700896692529,0.05084173146665418
id16117,0.07468506957767596,0.00110008249231403,0.9242148479300031
id17000,0.004233740664559731,0.9926845102596247,0.0030817490758162586
id01730,0.01023609731979782,0.9868512250617753,0.0029126776184249087
id00630,0.7833888802515475,0.2038696744816637,0.012741445266785782
id18175,0.07651642205773253,0.0035020487923708176,0.9199815291498937
id00907,0.9545888214217496,0.02721342568978863,0.01819775288846029
id18251,0.05339169239990727,0.9345385528349804,0.012069754765106668
id25861,0.4270965507944456,0.5323164170544278,0.04058703215112843
id00398,0.830610553929564,0.12976293845320366,0.03962650761723468
id27573,0.9905806393005482,0.0009808392392723004,0.008438521460180627
id10022,0.02545603916690931,0.7493451237594871,0.22519883707360144
id15901,0.39192084502674196,0.005054977500770085,0.6030241774724854
id00451,0.16115814555709976,0.0698257950898555,0.769016059353044
id23129,0.00769454512832839,0.9903517308431296,0.001953724028545608
id26498,0.12963235745255836,0.8199511528654012,0.050416489682043715
id14741,0.2820493000041791,0.5337864804121474,0.1841642195836755
id18453,0.1330066122920934,0.09994860432275529,0.7670447833851525
id08309,0.8883648465414982,0.1009620767439307,0.010673076714572653
id00320,0.9998877013526176,7.768406407622334e-06,0.00010453024097173355
id07688,0.17972183962037405,0.022666489666508794,0.7976116707131182
id01556,0.006462556238059254,0.001765161933342149,0.991772281828596
id00178,0.43995118548984974,0.08490763903314943,0.4751411754770055
id18902,0.04161225291865446,0.026829671799415932,0.9315580752819297
id27002,0.8657172878885194,0.1255292561865368,0.00875345592494404
id21418,0.9998580431523387,0.00010958972443321063,3.236712323004588e-05
id23018,0.00686087994305785,0.10344134967056756,0.8896977703863737
id07032,0.17820052439148493,0.038244625664300765,0.7835548499442171
id16195,0.5366153389209585,0.15219059497709347,0.31119406610194905
id11202,0.03203362451488588,0.9636100305481957,0.004356344936916277
id09578,0.7238297152637221,0.030922055648645592,0.24524822908763264
id26984,0.8617011120711302,0.011531600705464414,0.12676728722340452
id19856,0.012064825778135413,0.9869270214202371,0.001008152801624845
id12086,0.16548740601298526,0.053353442018378563,0.7811591519686379
id12052,0.09452340871533711,0.011112601562542674,0.8943639897221203
id17728,0.008509889067095804,0.0039467267343304725,0.9875433841985738
id24608,0.23182701786956236,0.005985635389698604,0.7621873467407401
id21097,0.12850442333094464,0.03650978311926599,0.83498579354979
id20179,0.0004633928138689641,5.634640245386429e-05,0.999480260783678
id15144,0.3182194747836008,0.42805767696243535,0.25372284825396424
id00206,0.9408936966676217,0.032462253368056436,0.02664404996432295
id22285,0.0017747619066933677,0.0015108150870452063,0.9967144230062581
id06417,0.057550311394095825,0.7030127231049391,0.2394369655009636
id00215,0.11864473485324284,0.8671348039466666,0.014220461200090944
id04201,0.41728581033136064,0.004503294640397284,0.5782108950282439
id21771,0.9757824394478198,0.016914280672613084,0.007303279879568841
id12451,0.008125146849061071,0.27668403648465795,0.7151908166662818
id14250,0.03967631630520304,0.8550072684957002,0.10531641519909583
id03433,0.260055697792421,0.7006442456802219,0.03930005652735939
id03303,0.031818360317343516,0.001941515518524564,0.9662401241641309
id25901,0.1521166717589772,0.521876213196139,0.3260071150448872
id06945,0.15802533576474304,0.11111285644005264,0.7308618077952039
id05664,0.5208721818595856,0.3681571640456599,0.11097065409475093
id05741,0.997934173886232,6.542870139153125e-05,0.0020003974123769734
id10652,0.9332001863757934,0.027546889386912805,0.03925292423729292
id16300,0.8889652529163548,0.04741681429689448,0.0636179327867538
id12319,0.838634019521958,0.0762990720450219,0.08506690843301805
id07500,0.07011578384748982,0.9284563450752155,0.0014278710773014279
id12478,0.7126105836629294,0.24705823155720577,0.04033118477986667
id03076,0.10425593694227495,0.0039418252828283,0.8918022377748945
id00969,0.48265916926812513,0.3874709525630616,0.12986987816881052
id23636,0.0338696435095761,0.9448410782287415,0.021289278261680505
id09791,0.043068665820089794,0.11951324659332481,0.8374180875865858
id05680,0.07092272721658287,0.4035516462865128,0.5255256264969012
id03672,0.10332261543721628,0.5246276645379826,0.37204972002480435
id04286,0.011922066327165063,0.8993543211955815,0.08872361247725351
id23883,0.019633373173812523,0.4270878960176748,0.5532787308085143
id11914,0.10732722584849849,0.017689214643039596,0.8749835595084632
id20974,0.013472261983367565,0.9807817600130917,0.0057459780035395485
id26125,0.07124199286899817,0.015237878232672428,0.9135201288983277
id15543,0.20457930448499068,0.002657454141469611,0.7927632413735378
id19471,0.999629681216222,0.0002627020776489913,0.0001076167061299396
id11503,0.7380545969315693,0.141482912362201,0.12046249070623152
id09321,0.011014012223362232,0.8915471309136844,0.0974388568629554
id25560,0.0002995702143442636,0.0014881885700920008,0.9982122412155621
id06726,0.6558562376130543,0.1510312878482258,0.1931124745387175
id05709,0.9826584279812564,0.0030564104847231894,0.014285161534019474
id09788,0.08009284796121718,0.542882504563878,0.3770246474749062
id05289,0.9996957844209333,0.00023511805411210017,6.909752495345686e-05
id11815,0.014008218291663729,0.9776347118560413,0.008357069852295873
id22422,0.7977039716499952,0.14449013567131333,0.05780589267869361
id25954,0.9622124606536009,0.012504996228320147,0.025282543118077202
id13601,0.7425377875233192,0.15106133482789713,0.1064008776487833
id05677,0.7314031781862892,0.005720752034580958,0.26287606977912914
id10498,0.05705660624382648,0.9411681727297737,0.001775221026400765
id02665,0.4107604794121533,0.56220799484129,0.027031525746557816
id10114,0.0991490887086172,0.3273292369380595,0.5735216743533215
id26314,0.7432135483647636,0.21316321587255904,0.04362323576267535
id21240,0.2860424923914679,0.2875934117660997,0.42636409584243246
id15569,0.9361195225075454,0.024048180481345893,0.03983229701110327
id25928,0.09326273386785242,0.04568042192077832,0.8610568442113676
id22706,0.04611151561936635,0.9502114780266675,0.0036770063539665384
id20877,0.004484991579988367,0.9638221337229297,0.03169287469708448
id04318,0.5747162285163883,0.05068526443507629,0.3745985070485361
id18299,0.09389320555681643,0.7890866595566178,0.11702013488656465
id08126,0.059960280260755894,0.0028019421316858523,0.9372377776075512
id14293,0.5212254780061815,0.003859855645062915,0.4749146663487525
id12759,0.9883652152380443,0.002419270979190599,0.009215513782766074
id11983,0.3766372030284127,0.05720399281197085,0.5661588041596137
id05580,0.043398662664024514,0.9234520555543678,0.03314928178160979
id25846,0.36539048056194773,0.2581578838501875,0.3764516355878643
id01939,0.8010378646159982,0.038803284702362495,0.16015885068164165
id26327,0.023629961891748527,0.8554831210374856,0.1208869170707646
id11068,0.005194883805910325,0.0007245212631957274,0.9940805949308961
id08404,0.9783019877411991,0.0029514559349359073,0.018746556323867472
id27189,0.36171009384110747,0.6354010403014365,0.0028888658574550666
id15119,0.06434789529041038,0.7909455146809258,0.14470659002866518
id26525,0.9928755352252272,0.0009015531395163022,0.0062229116352578995
id03618,0.9369186164982775,0.038519497597835045,0.02456188590388613
id27220,0.9954148710007195,0.0033929142732582983,0.0011922147260237908
id18777,0.00844387826537802,0.0017735925095143932,0.9897825292251088
id20213,0.9804858506912414,0.013099499992707112,0.006414649316052447
id20403,0.9521008775618551,0.03855021682305545,0.009348905615092168
id03777,0.06613189122560033,0.03020665050173818,0.9036614582726621
id10595,0.07038610679966054,0.9032102992793861,0.026403593920950347
id13816,0.44326492120408845,0.017128206721727143,0.539606872074183
id05667,0.014345351205548813,0.0034240513284153344,0.982230597466036
id24629,0.4203678047931092,0.05602793672125254,0.5236042584856387
id20398,0.5222678517341683,0.040458579520263466,0.4372735687455666
id14108,0.0005532750443628673,0.000294244477587494,0.9991524804780499
id06196,0.002611522735655246,0.9970526133819967,0.0003358638823497522
id02800,0.4745302366323041,0.49059057989854415,0.034879183469148776
id18732,0.0008126856235728863,0.9961321465843054,0.0030551677921240626
id11915,0.24809774670977755,0.5083327594523083,0.2435694938379156
id09739,0.8538058278049011,0.04988890892747637,0.09630526326762401
id24672,0.9960082024145995,0.0018879259904784223,0.0021038715949287692
id00414,0.0023636116527103474,0.014399330351740595,0.9832370579955526
id16307,0.9603678297371505,0.022921870661092567,0.016710299601758728
id14043,0.09753543370593484,0.00893113706088906,0.8935334292331757
id00517,0.0007500550103146506,0.00012038419900278191,0.9991295607906819
id09744,0.9972172711658137,0.0021305159462591448,0.0006522128879301079
id19257,0.7633751909198329,0.05323360323191005,0.18339120584825575
id15437,0.7111602538369787,0.27172683807075587,0.017112908092264296
id16352,0.030186234293057283,0.013905471786192147,0.95590829392075
id18849,0.6988202220582775,0.12295110889820794,0.17822866904351325
id19434,4.419281586938179e-05,0.999913589576031,4.221760810169757e-05
id17928,0.026236151535816297,0.03167885977161813,0.9420849886925691
id16896,0.04917950190946865,0.009883527315514727,0.9409369707750198
id02135,0.15806837761138626,0.4031815683623134,0.438750054026302
id15075,0.972030948266576,0.00779783597068866,0.020171215762738545
id27486,0.015632152714137877,0.9830989862481136,0.0012688610377469226
id19422,0.9590661246832385,0.03874264677330643,0.0021912285434550942
id09603,0.048150948992831955,0.839898188855952,0.11195086215121944
id02133,0.0915216362205095,0.8834418758849942,0.025036487894495182
id03441,0.3181016724753662,0.06400977783225106,0.6178885496923833
id02398,0.0031740169470356166,0.9956753789937618,0.001150604059205562
id05152,0.33488666067759215,0.007631654931344948,0.6574816843910645
id17838,0.11942917537920822,0.004246666802635986,0.8763241578181552
id25060,0.9968311097735824,0.00262256929777954,0.0005463209286389979
id09998,0.08514823473373098,0.017832055305724848,0.8970197099605438
id01828,0.13109386266233825,0.8418161463662084,0.027089990971449842
id25377,0.37049665636340273,0.017412730642631446,0.6120906129939632
id22175,0.14403239326902093,0.8486877923043363,0.007279814426642931
id02974,0.05507743752611801,0.04450018666002171,0.9004223758138599
id26955,0.99703972730618,0.002507330617057285,0.00045294207675936163
id21091,0.9088356477460098,0.016206411315194715,0.07495794093880034
id12802,0.6681373304663398,0.3059183563893791,0.025944313144278586
id07432,0.0001285846757514084,0.9997779956166648,9.341970758410045e-05
id18749,0.12415212198922067,0.7717637161474814,0.10408416186329991
id15030,0.0016580611031920334,0.004875274731824279,0.9934666641649844
id17155,0.04071912976181502,0.9579373119795798,0.0013435582586075968
id08128,0.0033233467056063256,0.990313747779207,0.006362905515185294
id25706,0.02441624314428854,0.9226766135503854,0.052907143305326754
id15645,0.9594488501920981,0.03624663774004841,0.0043045120678533565
id04943,0.9082218965100307,0.018727145689078083,0.07305095780088963
id27566,0.0038117858571261013,0.002983461746019342,0.9932047523968554
id11765,0.39363893192846866,0.0655947333887079,0.540766334682825
id13783,0.4341013037422935,0.3653805072059539,0.2005181890517541
id00492,0.006084915864940785,0.0063291643205391785,0.9875859198145214
id27636,0.1021494289442344,0.021054515128370064,0.8767960559273987
id04273,0.8162147645119077,0.1256263999597802,0.05815883552831475
id02537,0.15868167778286454,0.08244305084614065,0.7588752713709938
id24349,0.7416649398703998,0.25095535798037144,0.007379702149230411
id00023,0.00028636308495845405,0.9985882876320061,0.0011253492830368592
id23025,0.18035340449334222,0.7928527061617944,0.0267938893448664
id08722,0.9366970248190669,0.003650136301984428,0.05965283887894646
id02420,0.9986448430555893,0.0011697982627842263,0.00018535868162496586
id10811,0.981189119490914,0.009068432730236494,0.009742447778850544
id04019,0.006504330693861304,0.0036662597753613162,0.9898294095307809
id18334,0.9709423297439197,0.026151981615452832,0.002905688640624675
id16781,0.4399639469345416,0.5338307070181127,0.026205346047344716
id08773,0.7505790659104871,0.2441311688825031,0.005289765207007043
id19214,0.9378772774785907,0.02110959455069975,0.041013127970706026
id09589,0.0027915255921591646,0.9823451050384373,0.014863369369406946
id24246,0.896957509594659,0.031083791982337718,0.07195869842299638
id23577,0.920890394136452,0.0680437556242627,0.011065850239283555
id09305,0.7768399579332748,0.02457197539174087,0.19858806667498613
id16460,0.043124427706215177,0.0274563344775494,0.9294192378162333
id21115,0.7803851331209326,0.08506383521635863,0.1345510316627105
id25996,0.07214802014572702,0.5013433452519701,0.42650863460230237
id02551,0.004736572744111126,0.0032851234213718606,0.9919783038345187
id19352,0.022017007169294806,6.626708472711703e-05,0.9779167257459762
id03806,0.02408969944689897,0.045145788070653975,0.9307645124824465
id26544,0.9557819997075622,0.00973353686370926,0.034484463428731356
id18761,0.9381405406292816,0.04813023908315975,0.013729220287561163
id24148,0.1383491837983449,0.8397545857204931,0.021896230481157183
id16095,0.07442184197718674,0.9074653133924047,0.01811284463040882
id18442,0.8496936755895614,0.04480909921469484,0.105497225195741
id22596,0.00012224117508771506,1.5464920388905396e-05,0.9998622939045263
id23002,0.07427763191170554,0.007910362501852055,0.9178120055864412
id04797,0.9860632520397317,0.005514463899733342,0.008422284060533452
id06610,0.08088813113566255,0.00867800750934547,0.9104338613549938
id16173,0.4291530776839985,0.4896695763792744,0.08117734593672718
id18292,0.07448068791629292,0.0074832713692669335,0.9180360407144398
id27328,0.9845896176603802,0.001509555618347478,0.013900826721272963
id01695,0.00862062841414004,0.9797372516446378,0.011642119941222698
id05761,0.5117988575257241,0.0017541092314328477,0.48644703324284083
id16354,0.9704233386687201,0.002111236564120881,0.02746542476715807
id12207,0.019258121471760318,0.6307670068193373,0.349974871708903
id05665,0.06343819598547049,0.012553664338701963,0.924008139675832
id01911,0.9110779625786907,0.08107992088763465,0.00784211653367407
id19153,0.12993249208699714,0.011138199387205418,0.8589293085257941
id10295,0.2577076068356686,0.5858951674060007,0.15639722575833245
id23038,0.742410457953672,0.2128116004273521,0.044777941618977274
id23783,0.2991482694660455,0.6952633682968288,0.005588362237128691
id27879,0.9660292029503018,0.024049740562025346,0.009921056487672834
id19190,0.007941279526602405,0.9918252579179139,0.0002334625554826782
id05065,0.9415995205868585,0.049849835484157355,0.008550643928986091
id21296,0.04751705411257132,0.8880942357859866,0.06438871010144401
id13262,0.2325235307889932,0.2195503518503942,0.5479261173606149
id10333,0.94486500272754,0.008848915821811838,0.04628608145064496
id16677,0.09271711040654072,0.789081079003016,0.11820181059044868
id01392,0.38622674223891595,0.013735632451730474,0.6000376253093567
id27874,0.7551251159003526,0.19538363589916802,0.04949124820048049
id02294,0.0012738885567174854,0.9975060535311655,0.0012200579121178859
id18298,0.005311499431891454,0.07408786843790052,0.9206006321302052
id06997,0.9899837597264346,0.008705837214452464,0.0013104030591153078
id05243,0.0899793163590651,0.4288328572615165,0.48118782637942004
id00860,0.23077942586326936,0.5930340408560668,0.17618653328066125
id26681,0.9993818415576714,0.0005634148564525839,5.474358587298195e-05
id06020,0.00459119639631197,4.2323043047545456e-05,0.9953664805606394
id27683,0.8901325214888426,0.04780539637490193,0.06206208213625265
id17655,0.013057686383654806,0.9816997101221594,0.005242603494192608
id08817,0.006431822521635642,0.011446758710954217,0.9821214187674119
id11512,0.004113446936706117,0.0022013142042147382,0.9936852388590767
id00478,0.11461365205853037,0.03001821084787152,0.8553681370935962
id02116,0.8869617690470105,0.0724743506587321,0.04056388029426029
id06746,0.8430369415500556,0.1434703337440142,0.013492724705933715
id03863,0.42720880368905556,0.5235270399502067,0.04926415636073886
id01802,0.12063257020792545,0.692948222058675,0.18641920773340243
id11682,0.7765279593899309,0.016461002806391484,0.20701103780367913
id04033,0.0022552956137403286,0.9876406677340241,0.010104036652233198
id09286,0.35856664356850715,0.2505314520594541,0.39090190437203576
id12904,0.9998454144253236,0.00014888406642226193,5.701508253772609e-06
id07420,0.005655533348611469,0.0034622955827367137,0.9908821710686468
id22398,0.0007894993202389092,0.9980899479287828,0.0011205527509820267
id00424,0.1517524249171481,0.056251280781743705,0.7919962943011055
id20960,0.9843475763654952,0.013304589762960535,0.002347833871545716
id10267,0.26406109980312475,0.3387329661121464,0.39720593408472876
id19330,0.5880521102748009,0.0170507458883429,0.39489714383685826
id00994,0.001282363388366012,0.9954390265221206,0.0032786100895117903
id10785,0.9229142870939399,0.03374641638484944,0.0433392965212079
id00955,0.04503975052987982,0.9082381925371963,0.04672205693292482
id09757,0.02204474166791087,0.9749728092768293,0.002982449055257858
id10030,0.05406516637419028,0.1368510585758216,0.8090837750499892
id22952,0.0627656835988089,0.2934887716229933,0.643745544778201
id21955,0.0001702636387405669,0.002713919851997473,0.9971158165092644
id07674,0.522060600650523,0.07184903342963272,0.40609036591984105
id13760,0.0027259042272870606,0.9958285725842876,0.0014455231884237488
id18166,0.9197466224345953,0.03296376748810016,0.04728961007729823
id23498,0.9402714640280262,0.05637448431811805,0.003354051653854282
id05296,0.9979079328847643,0.00023881260424870956,0.0018532545109841642
id26709,0.986402261385918,0.00710961644290526,0.006488122171174236
id02853,0.9864532626016205,0.011155499297318409,0.002391238101064034
id06800,0.3089270481823379,0.1124242317350516,0.5786487200826111
id14758,0.6625265830588518,0.31719330717276806,0.020280109768373408
id12356,0.9914253773819065,0.004196611731752325,0.004378010886340255
id21492,0.947191003714371,0.038174540220073404,0.01463445606555596
id27540,0.781829388357765,0.000433752685733121,0.2177368589565081
id07376,0.3066136279885192,0.026904882811535424,0.6664814891999461
id15201,0.04289645227259672,0.9406889876603861,0.016414560067019263
id23388,0.033440779417993304,0.8801371737923819,0.08642204678962809
id13923,0.09576993249340036,0.8880989219800717,0.016131145526527838
id00794,0.0067927088388235485,0.9899705619897222,0.0032367291714513816
id23910,0.07861008029845588,0.058825286233965574,0.8625646334675783
id02556,0.016937560354459976,0.02686168431479958,0.95620075533074
id22151,0.06087040710892708,0.938339849530326,0.0007897433607475962
id11698,0.0008924191839300203,0.9967688657369511,0.00233871507911963
id11627,0.4587307643715066,0.02404301051168957,0.5172262251168006
id06340,0.999922946001143,3.616932914321112e-05,4.088466971480025e-05
id05123,0.9732131541175667,0.011007173653845263,0.015779672228587224
id26620,0.03641580447325357,0.007668583131144219,0.9559156123956035
id04002,0.14814948561826927,0.14626014602572954,0.7055903683560036
id26554,0.45768661075208367,0.09194433284012309,0.4503690564077962
id18012,0.5890496757129745,0.03346900422135709,0.3774813200656752
id12964,0.14706026011061232,0.017965416221639004,0.8349743236677466
id18965,0.032545536477390405,0.6552797368328237,0.3121747266897848
id19082,0.2553762961294957,0.023684565958969728,0.7209391379115356
id26742,0.01433627152719589,0.0007706490888762591,0.9848930793839308
id15442,0.0754809305861783,0.8654683603380774,0.05905070907574624
id16647,0.5355246688487494,0.11802042241425044,0.34645490873699786
id11544,0.20888209335683208,0.09621537257816735,0.6949025340650032
id20581,0.47751153995593054,0.018866689202779993,0.5036217708412891
id13192,0.16521633816193151,0.7128545856818128,0.12192907615625695
id15814,0.11707430868928508,0.03596127220114514,0.8469644191095663
id26279,0.02300484216487327,0.9747603828898029,0.0022347749453244733
id00240,0.9600134425518426,0.022001300236178002,0.01798525721197981
id22836,0.997328483452998,0.000426556964630512,0.0022449595823705666
id15085,0.006810929430263496,0.2989797080938661,0.6942093624758638
id17495,0.4582724493386984,0.0025343652856100653,0.5391931853756932
id26762,0.6986570123990381,0.03643436374838624,0.2649086238525756
id13685,0.9987863774081941,3.682442602098927e-05,0.0011767981657875716
id16560,0.002562764420146199,0.9969601119638861,0.0004771236159663308
id17184,0.000785967692810979,0.9982375356919748,0.0009764966152157859
id21635,0.9928545204268338,0.0027625516589367635,0.0043829279142301135
id26751,0.2591092774361491,0.24470996318852037,0.4961807593753331
id12351,0.9810071997960913,0.005117266084952302,0.01387553411895289
id14872,0.27555843775896105,0.5146579178564743,0.209783644384563
id18372,0.9696851647862196,0.022402753515012946,0.007912081698764324
id26851,0.8916564620501714,0.0842410394724696,0.02410249847735565
id22659,0.27297511511743267,0.7260543714890377,0.0009705133935301157
id04102,0.00798968095899486,0.00047268269587427003,0.991537636345136
id02353,0.09418453146875454,0.8932689761607954,0.012546492370453244
id26721,0.9958371373188715,0.003776545074540687,0.0003863176065890319
id11171,0.7807247000441242,0.03634338155587556,0.18293191840000125
id13562,0.4209351302338384,0.5480791583940926,0.030985711372069298
id26425,0.27230417850860367,0.1796200692875616,0.548075752203835
id26394,0.44929342566716646,0.16177586149919385,0.38893071283364233
id22187,0.1537312779285453,0.7688790318236437,0.07738969024781216
id00422,0.999518283430199,0.00028617714530469415,0.00019553942450212507
id22667,0.007855112581051421,0.9920591230292368,8.576438970795364e-05
id00911,0.9558140062690135,0.010136328814743299,0.0340496649162446
id17291,0.24693589375670158,0.0318160100193078,0.7212480962239871
id01915,0.08646394301351028,0.15941209106388468,0.7541239659226071
id01434,0.050662242806353,0.015320799985902885,0.9340169572077429
id01584,0.5996195253379365,0.006424906698137733,0.39395556796392445
id09266,0.976785213537129,0.005237230828396005,0.017977555634472762
id17494,0.000436611944271729,0.9990694310357646,0.0004939570199649208
id24919,0.18974952937048123,0.31345667397040694,0.49679379665911055
id21043,0.07956468168461754,0.0004914914743900518,0.9199438268409947
id17796,0.044335411876031204,0.9546425374688352,0.0010220506551357315
id02166,0.7965768655213019,0.027106013876302376,0.17631712060239316
id17503,0.722405543573943,0.006414267904028093,0.27118018852202896
id21203,0.1451178939225783,0.09672715287626231,0.758154953201158
id25626,0.9993573453784141,0.00013694184195934108,0.0005057127796258542
id09836,0.9946229308608648,0.002892207382054754,0.002484861757082362
id24202,0.014293077245204552,0.02593021541742603,0.959776707337366
id27260,0.8700511735847892,0.025879875482896043,0.10406895093231482
id23167,0.006049390270785439,0.0019189173466598619,0.9920316923825521
id10393,0.006840418501147374,0.9906822252660459,0.0024773562328096995
id01171,0.9125757161827204,0.08452779787262249,0.0028964859446545515
id06380,0.9819937827118529,0.007268404602416994,0.010737812685728711
id22686,0.04114351780024981,0.0015861531635429627,0.9572703290362066
id26250,0.17139755084586913,0.06765270369778552,0.7609497454563457
id09315,0.35802149046311993,0.5331718558847685,0.10880665365210922
id00886,0.0890457638612555,0.8545514452379205,0.056402790900825076
id03101,0.5608961507138631,0.03585253232361327,0.40325131696252625
id12367,0.5298464855001113,0.04500978486447049,0.4251437296354194
id10770,0.9440173629473626,0.014888077282856944,0.041094559769781915
id14949,0.0013190368078046144,0.9985309756235128,0.00014998756867971023
id14141,0.16167625110505052,0.8354244471958303,0.0028993016991202174
id25417,0.5302052074852537,0.34217133430921765,0.1276234582055298
id26873,0.7293496439774005,0.07767553876532496,0.19297481725727567
id10818,0.8652144312995128,0.028341300883377857,0.10644426781710992
id15146,0.8211631356993542,0.011692896243251063,0.16714396805739626
id23328,0.8984146552111916,0.03462798466156052,0.06695736012724504
id16765,0.09378405294855822,0.4029768322459611,0.5032391148054772
id24383,0.9723638856476058,0.002795044787650125,0.024841069564742396
id21304,0.9338305962922627,0.052359205373888315,0.013810198333851414
id12551,0.012124938793565562,0.9848411148781134,0.0030339463283261463
id23274,0.036452788472948014,0.054308779330092274,0.9092384321969599
id08117,0.8843431146828826,0.020634947220602176,0.0950219380965172
id23961,0.9687551910063333,0.01933267042717575,0.011912138566487823
id13865,0.024726610840836438,0.9703217602914396,0.004951628867723963
id22807,0.07887200566272821,0.008154600819222287,0.9129733935180514
id08951,0.05424467181914009,0.14601754403025494,0.7997377841506037
id18684,0.9946658796878695,0.004247726152569789,0.0010863941595601542
id25179,0.4032493589878645,0.37643736842372993,0.2203132725884064
id27033,0.8347010173048263,0.005361253502192387,0.15993772919298024
id13977,0.02390043848145384,0.9106862528015099,0.06541330871703697
id19337,0.002758177333508139,0.9430857656467201,0.05415605701977314
id25764,0.014747755225786467,0.9833647898241029,0.0018874549501131193
id16106,0.544802973968311,0.013122253070891026,0.4420747729607972
