id,EAP,MWS,HPL
id02310,0.020463356315466003,0.004394265883652439,0.9751423778008786
id24541,0.9429769696283716,0.05379034378156296,0.003232686590066266
id00134,0.008042976795665024,0.9886608230445002,0.0032962001598374102
id27757,0.718185606055892,0.2794803225464424,0.0023340713976614494
id04081,0.5976414729077353,0.3150825577408545,0.0872759693514118
id27337,0.9182975845342392,0.08100876019042297,0.000693655275338706
id24265,0.9428044421878585,0.050505181776264264,0.006690376035873699
id25917,0.00902712416744244,0.02808213689442427,0.9628907389381367
id04951,0.9917198083864911,0.008237030312345198,4.316130116242405e-05
id14549,0.550157610777284,0.30990091829334604,0.13994147092936993
id22505,0.148472400839384,0.018053678581272926,0.8334739205793402
id24002,0.0007742222778416754,0.9986923264236703,0.0005334512984943613
id18982,0.46712612607464876,0.2264018648332975,0.3064720090920559
id15181,0.01269627040616064,0.9862660096690414,0.0010377199248007105
id21888,0.5997110194278124,0.062293757615127544,0.337995222957061
id12035,0.0010039489968346243,9.83601991233435e-05,0.9988976908040411
id17991,0.03677075896413198,0.002538075683520774,0.9606911653523502
id10707,0.9998835656666777,1.798649307972022e-05,9.844784024224331e-05
id07101,0.14522778185263505,0.11800269100082891,0.7367695271465379
id00345,0.2284889253448665,0.7688633000373079,0.002647774617826804
id05912,0.9250996413234973,0.018745256024495456,0.056155102652007884
id13443,0.9741776576766664,0.01087643401126264,0.014945908312068242
id09248,0.3292709589380498,0.014200435069136293,0.6565286059928137
id17542,0.006614820423192067,0.9894419132208503,0.003943266355956279
id06995,0.06320848563580986,0.006258294293226021,0.9305332200709673
id25159,0.8103046773548425,0.07290689798741805,0.11678842465773887
id25729,0.2678625663696617,0.7100377211635253,0.022099712466814154
id26949,0.9354949356927463,0.057484535602271014,0.007020528704980489
id27191,0.028415139343867957,0.0014250235260709087,0.9701598371300634
id07668,0.3906684156355132,0.006140084084232703,0.6031915002802564
id02230,0.052160528711223085,0.23545482723451586,0.7123846440542599
id15553,0.9991711416644008,0.0001998777620590808,0.0006289805735412768
id25688,0.001109064174303881,0.9953131022608485,0.0035778335648509857
id17545,0.9980085899634368,0.00044599454563880715,0.001545415490926606
id13929,0.27611624291119713,0.25407303035801415,0.4698107267307852
id12880,0.3942140644580691,0.4035628823040239,0.2022230532379071
id19282,0.695542961219874,0.08964360805421587,0.21481343072591152
id14690,0.0007598630068624084,0.0004803491912433808,0.9987597878018917
id17975,0.005885918821645439,0.991133295130867,0.0029807860474904938
id08037,0.9382399853550135,0.008937972965711808,0.05282204167927578
id15412,0.06927494931964549,0.001686841026260911,0.9290382096540957
id25032,0.4171875949647681,0.047459342705007034,0.5353530623302241
id27165,0.9994369763658246,0.0002729129888140117,0.0002901106453606175
id03327,0.8737469207452934,0.07064559206731316,0.05560748718739396
id18515,0.6351452071051191,0.17670986513809436,0.18814492775678696
id21003,0.18493886109025445,0.03181045312091587,0.7832506857888331
id23855,0.0016392866550724566,0.7586281617749553,0.23973255156997483
id20724,0.9074401729578023,0.0860941413323256,0.006465685709871079
id13303,0.31110439472084195,0.1643636507297229,0.524531954549432
id16521,0.007537582262737962,0.5733709404229071,0.41909147731435287
id20775,0.9978368238817802,0.0019598483059811798,0.00020332781224199282
id13029,0.984552383560331,0.011164584201734482,0.00428303223793133
id14660,0.2690912883011594,0.7038040376766096,0.02710467402223046
id11028,0.006581369410053428,0.0004695504232685292,0.9929490801666814
id14180,0.8797832502208287,0.08542997937352885,0.03478677040564381
id25860,0.9991709739876692,0.00039308345317993587,0.0004359425591569443
id11910,0.65779869923234,0.02433196936776581,0.3178693313998972
id08065,0.09791541128863637,0.014976299938153668,0.8871082887732133
id22674,0.03711604532679137,0.001726719121598534,0.9611572355516094
id25018,0.14682713561497376,0.014782704822403398,0.8383901595626232
id10892,0.04328588964006794,0.9516533234183966,0.005060786941536406
id10217,0.45625021524063836,0.5382606445348633,0.005489140224500291
id12996,0.2699227462723576,0.15265763010886704,0.5774196236187763
id18262,0.42429435884355643,0.27526567604765134,0.3004399651087975
id08606,0.009623332344329645,0.9840984075556153,0.006278260100059676
id17233,0.9715491375008256,0.009433912120240919,0.019016950378932234
id00101,0.5580781844222391,0.4011961556615953,0.04072565991616509
id12225,0.8768751171570816,0.10711477280376032,0.016010110039157147
id01364,0.00409547755559345,0.9915431689082138,0.004361353536190443
id24973,0.9677203924360835,0.004929360247832435,0.02735024731608395
id25363,0.7111340917513399,0.002520467257530052,0.2863454409911285
id10061,0.4345572738641599,0.018225166827988717,0.5472175593078507
id17673,0.26724529119129026,0.7079975034132918,0.024757205395416586
id13249,0.31243825922607393,0.06930497175088725,0.6182567690230375
id10107,0.09160981282415487,0.023903952698317424,0.8844862344775268
id04403,0.9742327086887389,0.0002827202101323526,0.025484571101125668
id25728,0.8123641728226602,0.009690217306245376,0.1779456098710966
id16184,0.047048244003394246,0.01944237540521264,0.9335093805913953
id03438,0.027052835798827297,0.001578764844219755,0.9713683993569542
id22923,0.012534491275188955,0.9869827169790173,0.0004827917457970944
id08610,0.9987286043404847,0.0008843938111600775,0.00038700184835800184
id25355,0.004874447547870909,0.0017767729168207977,0.9933487795353064
id16916,0.4653517598816888,0.5109199714615812,0.023728268656729008
id12793,0.011040359198266781,0.9849549576027908,0.004004683198944022
id11859,0.8504996267099787,0.021107714733149128,0.1283926585568727
id02434,0.999864021764521,8.503708751183754e-06,0.00012747452672208075
id27703,0.003115268016620189,0.0002302532188043257,0.9966544787645776
id25212,0.07491199705648281,0.8986045049105712,0.02648349803294263
id11308,0.10875174048631238,0.3987978334887903,0.492450426024897
id26094,0.9896529946179173,0.005350153366869587,0.004996852015215301
id22080,0.9600500194235415,0.03779734803367559,0.0021526325427812984
id03545,0.998291723807237,0.0016444967943831895,6.377939837749388e-05
id23725,0.010746187769753602,0.001253061633318796,0.9880007505969273
id12009,0.27393420370005533,0.33487421290234315,0.3911915833976016
id24241,0.021153661703924433,0.7730618897917934,0.20578444850428151
id03596,0.003598697724421248,0.9957563320344477,0.0006449702411300748
id10749,0.28279864514298286,0.6283917142266792,0.08880964063034127
id22794,0.018988424927254,0.006163501990903503,0.9748480730818404
id15482,0.7102766305180583,0.21342483786388144,0.07629853161805995
id04833,0.930711118823649,0.044201649199491544,0.025087231976861437
id00397,0.008069390313035923,0.00010928189462174059,0.9918213277923481
id14691,0.011570876295131533,0.014645957116501643,0.9737831665883707
id05193,0.33435708326356284,0.020896648862740924,0.6447462678736993
id19541,0.9481241002836117,0.011605141959244001,0.04027075775714334
id22166,0.002472751305040983,0.0008100635947406596,0.9967171851002166
id20744,0.0894899626089205,0.001909156726696537,0.9086008806643824
id10392,0.001469607559054695,0.004141987474033261,0.9943884049669097
id00770,0.9692341916855779,0.02024436990347118,0.010521438410952174
id06018,0.5790625073889183,0.39667593619246444,0.024261556418616905
id15678,0.5223126395734453,0.016342524476506918,0.46134483595004505
id08305,0.4897748488134518,0.47804529359649167,0.03217985759005634
id08903,0.11142637947051866,0.021684524779081945,0.8668890957503991
id14752,0.8077987037985299,0.18430101655000125,0.00790027965147095
id12468,0.13733453769401505,0.8549571183680897,0.007708343937892705
id05085,0.9467367809839069,0.047595261401659275,0.005667957614432522
id21993,0.29381917241292665,0.03606019596527587,0.6701206316217955
id15503,0.6593528864419652,0.11633155098094371,0.22431556257709015
id03021,0.0001365036169561869,0.9996741959664854,0.00018930041655858666
id16123,0.9990318370727644,0.0005443086944755098,0.00042385423276197054
id19383,0.8034323901711803,0.08940641407438253,0.10716119575443846
id04186,0.9960681667862443,7.918626463872323e-05,0.003852646949117191
id17954,0.013015255693793403,0.0004058480968669877,0.986578896209338
id12030,0.08876865264509133,0.006172582443815842,0.9050587649110946
id13020,0.9825978329945065,0.008498498000281206,0.008903669005212854
id25327,0.003208508959680145,0.920473209531295,0.07631828150901973
id16344,0.3651551562010163,0.3347206523320846,0.300124191466898
id12303,0.041290436446373244,0.9389393817507273,0.01977018180289775
id15017,0.9913708799172326,0.008313591428515432,0.00031552865424631606
id22308,0.8530459394063852,0.05031391114581596,0.09664014944779865
id06536,0.003355928713147062,0.01119391402368075,0.9854501572631691
id19797,0.08923143781871884,0.8971927498779707,0.013575812303311351
id06332,0.2533239537275608,0.5818786357357939,0.16479741053664387
id22941,0.021389079388490436,0.014693932167989665,0.9639169884435226
id13547,0.012058359948293894,0.006778646122861249,0.9811629939288461
id06928,0.004864970017873374,0.0011752743166070364,0.9939597556655169
id12521,0.8036462837377482,0.16549382798745604,0.030859888274795935
id25716,0.9552952039061247,0.004607734880716127,0.04009706121315716
id27116,0.01972392925812108,0.0001326300386594131,0.9801434407032226
id19941,0.030768525423975648,0.945890466169566,0.02334100840645818
id05711,0.00037731214092089885,8.84595845500923e-05,0.9995342282745311
id02097,0.003025463892335815,0.009396380325350532,0.987578155782316
id03563,0.01807023519991188,0.9800742443100597,0.0018555204900274722
id02295,0.08051024353630097,0.9104128615147702,0.00907689494893001
id08179,0.9999250562215616,4.605376544956808e-05,2.8890012991480345e-05
id05332,0.012855889243487933,0.8487633793199154,0.13838073143659724
id15697,0.8565906203861963,0.017655448474124782,0.12575393113967248
id17026,0.05674142589268482,0.007708761081600484,0.9355498130257148
id04243,0.9538603619333774,0.010416760561565003,0.035722877505058745
id13175,0.9998909693176089,5.2255043377252006e-05,5.6775639015608404e-05
id05387,0.9653676241071794,0.01751581787646689,0.017116558016347847
id19989,0.9169975926238918,0.0526087285970518,0.030393678779053787
id25173,0.14161644558475017,0.01141464369953354,0.8469689107157098
id08925,0.0019844398191128055,0.9968036294959979,0.0012119306848888194
id03034,0.008226813918073917,0.9128358028754942,0.07893738320643502
id13272,0.0055187333946015715,0.9896267465528661,0.0048545200525332705
id07956,0.9747842255209429,0.0011514969808363675,0.024064277498222333
id02648,0.02316991396043731,0.011565662974134094,0.9652644230654295
id01778,0.01313724609429543,0.004094782827733603,0.98276797107797
id12846,0.0010466563238606616,3.418562827312048e-05,0.9989191580478651
id19001,0.06501243367354453,0.036412995931476906,0.8985745703949788
id05763,0.5482223161184602,0.033810427163587974,0.4179672567179516
id15590,0.005631394878156391,0.0005224006925565059,0.9938462044292856
id04912,0.652327521339782,0.15906998322093854,0.18860249543927765
id21201,0.7795972691000204,0.16945045033096734,0.05095228056901289
id13215,0.9749846205832482,0.0009940759088358675,0.02402130350791616
id15612,0.044506996390486324,0.9328719763621971,0.022621027247318657
id18501,0.08200945012741961,0.032530628426960036,0.8854599214456199
id07223,0.8229345034162916,0.13195733918918306,0.04510815739452495
id06707,0.47239782851652085,0.20784087023361247,0.3197613012498694
id05238,0.0007673976269458129,0.999036449450735,0.00019615292231822313
id00935,0.007801480713827274,0.061559078937799355,0.9306394403483708
id00110,0.8469088899479984,0.0052376809913754685,0.14785342906063187
id17476,0.8290363556713116,0.14963415960480259,0.021329484723888476
id15170,0.9995822819569568,0.00033325275105887923,8.446529198613663e-05
id13397,0.10870776863215788,0.10774657072988275,0.783545660637958
id24283,0.6371693624778796,0.1280002981787827,0.23483033934333544
id15234,0.8807456356186406,0.11333736409580002,0.005917000285561459
id16884,0.6287964733305245,0.30809527875884607,0.06310824791062937
id07831,0.6403708673237248,0.19816105049507327,0.1614680821812052
id16038,0.8416590698841191,0.15027427497830928,0.00806665513757182
id03629,0.8864564600627567,0.031894049881929704,0.08164949005531275
id21019,0.8233435062850586,0.14518768270924323,0.03146881100569816
id21835,0.29616611962242345,0.06143006386763458,0.6424038165099439
id04480,0.07871720053063244,0.9209106698626407,0.00037212960672753715
id20838,0.7451611226045081,0.22457909097007644,0.030259786425417285
id24195,0.2825252905104937,0.3502287819414881,0.36724592754801794
id05448,0.9129687438535564,0.025472699503065743,0.06155855664338061
id15957,0.08302180322062648,0.9122590115736516,0.004719185205720964
id19956,0.0006527700512012751,0.00013690219403527263,0.9992103277547654
id15104,0.009164802017639778,0.017492925440722645,0.9733422725416384
id17559,0.752970274461166,0.22620356008974657,0.020826165449086127
id16839,0.11032164508480613,0.08380128218352685,0.80587707273167
id14493,0.8942036599430316,0.011602268521777093,0.09419407153519352
id08833,0.8903668003868415,0.014572581030638071,0.09506061858252246
id15723,0.14971938860188327,0.006929128849048734,0.8433514825490686
id02716,0.9850778670532319,0.002236475496880533,0.012685657449884355
id06689,0.02268468958913425,0.9444718612862358,0.03284344912462667
id18837,0.32704490658490576,0.23786088448609083,0.4350942089290048
id04466,0.8740154772972116,0.08653893332126024,0.039445589381527514
id00686,0.3810284424703673,0.03480663249620845,0.5841649250334213
id09010,0.021099307693228802,0.9775526426540339,0.001348049652734302
id23353,0.9820640773870529,0.007116986205004794,0.010818936407941862
id00066,0.8751018665416804,0.09984716393030106,0.025050969528021397
id15724,0.04280376634797999,0.9199436840444093,0.03725254960760901
id23486,0.025949421608839476,0.004632382264364595,0.9694181961267927
id22258,0.0014129861720544377,0.007507055072711052,0.9910799587552357
id02292,0.888811528096446,0.09070255317269894,0.02048591873085351
id16356,0.3549622971421412,0.05706800613721095,0.587969696720648
id00235,0.87685296580456,0.0009711985967419855,0.12217583559869843
id25522,0.042809927825546865,0.004625295619684715,0.9525647765547679
id04204,0.06547328229734727,0.9284009164332093,0.0061258012694445675
id22016,0.7238621746621614,0.08363474742268974,0.19250307791514887
id06480,0.08179793422732919,0.835459121218361,0.08274294455430685
id08718,0.01246167121763952,0.000422454005698284,0.9871158747766636
id05251,0.000227118027732665,0.9994607645625863,0.0003121174096781868
id03359,0.9417933296431724,0.017762679877047917,0.04044399047977634
id16117,0.06879253858602688,0.0007746026188205208,0.93043285879515
id17000,0.003016487099016627,0.994729499630958,0.002254013270024484
id01730,0.005989854803078279,0.992398649845358,0.00161149535155821
id00630,0.7689533545136057,0.2198182152645081,0.011228430221885249
id18175,0.061801358172663044,0.002284210466009269,0.9359144313613279
id00907,0.966063484831883,0.021376789625945816,0.012559725542174533
id18251,0.04227008704391474,0.949333624348893,0.008396288607191988
id25861,0.4279515433803868,0.5382817347883705,0.033766721831244906
id00398,0.8673586164727625,0.10274652207830515,0.029894861448929777
id27573,0.9931246897580794,0.0006984007511338061,0.006176909490783578
id10022,0.02064244710362096,0.7602631787946481,0.21909437410173233
id15901,0.4099835827077815,0.004733064194185964,0.5852833530980317
id00451,0.15108933507689845,0.05647192378829454,0.7924387411348038
id23129,0.004951740597846364,0.9939650341576067,0.0010832252445459349
id26498,0.10827516529435094,0.8576311738057487,0.034093660899899174
id14741,0.2851831816042828,0.5493227526091652,0.16549406578654907
id18453,0.10542550300392853,0.09569840359035409,0.7988760934057156
id08309,0.9011111977012678,0.0911621895791721,0.007726612719562908
id00320,0.9999560635118802,2.100813774636423e-06,4.183567435031863e-05
id07688,0.16295275196695583,0.01615976714542027,0.8208874808876249
id01556,0.004300558580262795,0.0010974801497705767,0.9946019612699654
id00178,0.4664140812971366,0.07502188254782349,0.4585640361550342
id18902,0.03667328738191527,0.01921777944876464,0.9441089331693207
id27002,0.8925380337229504,0.10186598407870687,0.005595982198343322
id21418,0.9999424647797476,4.361171577041557e-05,1.392350448090222e-05
id23018,0.003831196439629768,0.08936119360712444,0.9068076099532452
id07032,0.15651206402032292,0.028125782938504065,0.8153621530411742
id16195,0.5505977622862953,0.156134323970085,0.29326791374361916
id11202,0.026378896512525698,0.9708130933411157,0.002808010146358508
id09578,0.7266969606828575,0.025914781711572115,0.24738825760556887
id26984,0.8818658073283251,0.00966537413207245,0.10846881853960408
id19856,0.00979152361541875,0.9895853916838606,0.0006230847007174232
id12086,0.14353188926887056,0.0462325989020669,0.8102355118290608
id12052,0.09165065710652244,0.008023437746497854,0.9003259051469783
id17728,0.006003532915760768,0.002736275363900942,0.9912601917203345
id24608,0.2108602629456306,0.0034034655583886344,0.7857362714959786
id21097,0.11782893805403033,0.029169100827729638,0.8530019611182427
id20179,0.00023589778661461824,2.4089220053376606e-05,0.9997400129933299
id15144,0.28490208249019544,0.4541910582669449,0.2609068592428584
id00206,0.9502146026423343,0.028588500485931725,0.021196896871732526
id22285,0.0011239727062317857,0.0009639863747769363,0.9979120409189896
id06417,0.04688231989308124,0.7312533046535086,0.22186437545341328
id00215,0.09473789246720205,0.8955300448331389,0.009732062699661884
id04201,0.44035312009220257,0.0026406318323881376,0.5570062480754064
id21771,0.9817166007385638,0.012805483487147046,0.005477915774288082
id12451,0.005236027311238466,0.23967357650617657,0.755090396182588
id14250,0.03319153138142763,0.8718027034248579,0.09500576519371688
id03433,0.23278862257065974,0.7364629866221242,0.03074839080721479
id03303,0.03000918249775165,0.001278757604446186,0.968712059897802
id25901,0.1395033554553578,0.5553283817033001,0.3051682628413452
id06945,0.12151195159464609,0.09566397599603385,0.7828240724093231
id05664,0.5195193093084629,0.3790996806817518,0.10138101000978286
id05741,0.9983940076677709,3.615098749434883e-05,0.001569841344734128
id10652,0.9450673498357702,0.02136787985952716,0.03356477030469987
id16300,0.9026920686249645,0.041761168056051685,0.055546763318981486
id12319,0.8556255544988292,0.06814230734572549,0.07623213815544318
id07500,0.06705188595918916,0.9319738865993031,0.0009742274415118292
id12478,0.7226471890441347,0.24934753747219848,0.02800527348366803
id03076,0.10056495316712605,0.0031557833001369814,0.8962792635327368
id00969,0.48610091427349594,0.39412622761263266,0.11977285811387353
id23636,0.025189583815186014,0.9589793217870075,0.015831094397804227
id09791,0.037898756818763146,0.1070004714557307,0.8551007717255078
id05680,0.06309601670883877,0.37313364859066983,0.5637703347004864
id03672,0.097361953387127,0.5460580220475114,0.35658002456536275
id04286,0.009246246147025005,0.908976844780438,0.0817769090725403
id23883,0.01708549542649971,0.42811378021642416,0.5548007243570763
id11914,0.10164953465639681,0.01523452541665271,0.8831159399269507
id20974,0.009986707193385722,0.9857968540797056,0.004216438726909981
id26125,0.05537721388337099,0.011168341666747813,0.9334544444498845
id15543,0.18730884189334626,0.001543715181372712,0.8111474429252844
id19471,0.9998138550537622,0.000140390606924698,4.575433931107324e-05
id11503,0.7567805866543885,0.1302448139698871,0.11297459937572778
id09321,0.008655089716025355,0.9028968745461032,0.088448035737871
id25560,0.00018379001662959635,0.001077263196104743,0.9987389467872627
id06726,0.7265042092125282,0.12853167395498766,0.1449641168324847
id05709,0.9878279280043388,0.0020052676459244834,0.010166804349740108
id09788,0.06304759846195056,0.5561186590672448,0.3808337424708069
id05289,0.9998533124592147,0.00011591316677009758,3.0774374011577975e-05
id11815,0.010662353881648393,0.9837411698146733,0.005596476303680876
id22422,0.8258896694809326,0.13242393634310853,0.0416863941759614
id25954,0.9723236076413772,0.009107003461318965,0.018569388897305666
id13601,0.7726954809002339,0.1333326044528359,0.09397191464693032
id05677,0.7358923141910951,0.0035100404245920866,0.2605976453843155
id10498,0.04106484974806088,0.9579435535980324,0.0009915966539083463
id02665,0.40541188117776955,0.5727756668708075,0.0218124519514214
id10114,0.09086246042188448,0.2930447812674736,0.6160927583106418
id26314,0.745321872729454,0.21521827124615772,0.03945985602438933
id21240,0.309391657716158,0.27765170414361656,0.4129566381402261
id15569,0.9366072747114015,0.02332789471749708,0.040064830571104174
id25928,0.07659100268566145,0.03690414373758292,0.8865048535767576
id22706,0.03639243916491995,0.9613805610762859,0.0022269997587938094
id20877,0.0034756251042928335,0.9690312871266574,0.027493087769054646
id04318,0.5736629415132197,0.042430789703378824,0.3839062687834013
id18299,0.07528365387589159,0.8280923369245629,0.09662400919954323
id08126,0.05829499490302813,0.0021237593682141955,0.9395812457287626
id14293,0.4974036147486707,0.0024782552832040942,0.5001181299681222
id12759,0.9918423291687698,0.0018283738157749067,0.006329297015453101
id11983,0.3666996371254512,0.050039490571392675,0.5832608723031553
id05580,0.031967286530895755,0.9438015061897406,0.024231207279364404
id25846,0.349512230394887,0.24547701346837228,0.4050107561367391
id01939,0.8243724399355498,0.03149017464487929,0.1441373854195682
id26327,0.016855000966902442,0.8806797251733661,0.10246527385973292
id11068,0.004418082349644993,0.0005271474050379182,0.9950547702453173
id08404,0.9856223964535441,0.0018724042112276897,0.012505199335229075
id27189,0.3355461429393035,0.6629608070485435,0.0014930500121507365
id15119,0.06231667936402153,0.7938220253316397,0.14386129530433947
id26525,0.9952545056343254,0.0005119019347554681,0.004233592430918284
id03618,0.9562377392668702,0.027718780248945113,0.016043480484185583
id27220,0.9974528837464842,0.001926118979388474,0.0006209972741260864
id18777,0.006015941042174192,0.0011125472593331246,0.9928715116984923
id20213,0.9864549198238101,0.009150529482091042,0.00439455069409977
id20403,0.9639629162300791,0.029095662725352293,0.006941421044565477
id03777,0.05511146803391371,0.023613923233243933,0.9212746087328395
id10595,0.05209372383735881,0.928636287602879,0.01926998855976153
id13816,0.4419576427905368,0.012337131186535323,0.5457052260229255
id05667,0.010278551619125645,0.0026357826801784354,0.9870856657006983
id24629,0.4192837142183268,0.048506272039602526,0.5322100137420716
id20398,0.5498006134908481,0.025779687681782782,0.42441969882737224
id14108,0.0002743183154494743,0.00015737819155683694,0.9995683034929959
id06196,0.0016545831650266246,0.9981617511625817,0.0001836656723896712
id02800,0.47174296798059945,0.5000835412190088,0.028173490800392914
id18732,0.00047381286366541056,0.9973484007467798,0.0021777863895557853
id11915,0.2547824013133069,0.49179400201997103,0.2534235966667202
id09739,0.8609472855785804,0.04159555075033288,0.09745716367108503
id24672,0.9976033722834933,0.00120298471056899,0.0011936430059337243
id00414,0.0017049807291894252,0.01240607231462682,0.9858889469561884
id16307,0.9746015678776371,0.01478672570415294,0.010611706418208817
id14043,0.08361282537408894,0.006892494568371771,0.9094946800575399
id00517,0.0006082746795734819,6.661457083546555e-05,0.9993251107495876
id09744,0.9984573958885352,0.0011937776403603362,0.00034882647110370075
id19257,0.7660261873976948,0.04742788881514697,0.18654592378715648
id15437,0.7102810141671947,0.27581225631772854,0.013906729515077123
id16352,0.02245962255843326,0.009362129145685865,0.9681782482958822
id18849,0.7264162114946919,0.11168207964799347,0.16190170885731575
id19434,2.170483814956448e-05,0.9999583354932375,1.9959668612250848e-05
id17928,0.018330221056817537,0.02432538931691525,0.9573443896262702
id16896,0.03836018952930775,0.006433085597834574,0.955206724872861
id02135,0.1668307246573409,0.4233745310703988,0.4097947442722603
id15075,0.9801060377683437,0.004633470607395789,0.01526049162426127
id27486,0.011156540873805137,0.9881500650104177,0.0006933941157717431
id19422,0.967870402622535,0.03086859687897431,0.0012610004984939603
id09603,0.03830018859093766,0.8600254311873686,0.10167438022169333
id02133,0.07309073244184815,0.907154205009351,0.019755062548802133
id03441,0.3091357158730662,0.05983096674102468,0.6310333173859103
id02398,0.0018332778538585606,0.99750250043236,0.0006642217137783782
id05152,0.33286633337882765,0.005742840554995677,0.6613908260661734
id17838,0.09240936121053671,0.0023510275813486423,0.9052396112081128
id25060,0.9984981705571598,0.0012694510154681261,0.00023237842737469083
id09998,0.06969117411284342,0.01308068490836331,0.9172281409787907
id01828,0.1366750443285127,0.8426100883227214,0.020714867348766475
id25377,0.34074083673899236,0.01195848955231812,0.6473006737086899
id22175,0.1299170418112792,0.8649495364149689,0.005133421773753256
id02974,0.04476184990869681,0.037338862192400415,0.9178992878989058
id26955,0.9984105900856107,0.001349497418784614,0.00023991249560649047
id21091,0.9272230919122737,0.012698657824045386,0.0600782502636828
id12802,0.6845232398662432,0.2951927021526141,0.02028405798114482
id07432,5.924822163733682e-05,0.9998997609156925,4.09908626638566e-05
id18749,0.11515909515298776,0.7958366276579424,0.08900427718907318
id15030,0.0011493737539125743,0.0034482590930707212,0.995402367153015
id17155,0.030396412738283654,0.9688631585406441,0.0007404287210702031
id08128,0.0023105050276030874,0.9932441528329041,0.004445342139492868
id25706,0.02094321684974745,0.940824665863134,0.03823211728711794
id15645,0.9650162015829219,0.03178407102589707,0.003199727391183305
id04943,0.9179709626682928,0.013815579186798934,0.06821345814490662
id27566,0.0020934582064387032,0.0015995758627061869,0.996306965930848
id11765,0.43442391340995695,0.04925262765623879,0.5163234589338047
id13783,0.4608738579536128,0.3501871036831829,0.18893903836320453
id00492,0.004355604672029743,0.0050781829014909675,0.9905662124264764
id27636,0.0927425118883632,0.015133355193631674,0.8921241329180039
id04273,0.8498605452311211,0.10107587988784267,0.04906357488103289
id02537,0.15690822177295266,0.08171032313579488,0.761381455091251
id24349,0.7578427788964275,0.23703439985918678,0.005122821244382451
id00023,0.00015214681256086742,0.9991918589212295,0.0006559942662089749
id23025,0.14741547220775417,0.8337103444904228,0.01887418330181995
id08722,0.9451379298091952,0.002263828961128821,0.052598241229672445
id02420,0.9993201471171761,0.0005970117185017272,8.284116432175282e-05
id10811,0.9869352393506878,0.006794965549754509,0.0062697950995557385
id04019,0.004272244568482661,0.0021043688426502978,0.9936233865888697
id18334,0.9729624891709424,0.025070479071390227,0.0019670317576689564
id16781,0.44175494489668454,0.5373565663789998,0.020888488724317616
id08773,0.7797201334118633,0.2169843606370851,0.003295505951050787
id19214,0.9531467307503594,0.014853601342783317,0.03199966790685498
id09589,0.001662043025525671,0.9893091360415086,0.009028820932964572
id24246,0.9133280545916735,0.02724720523809155,0.05942474017023758
id23577,0.9294355824942856,0.05978097703362192,0.010783440472093177
id09305,0.7777748620789167,0.023974601877167385,0.1982505360439153
id16460,0.02839490239311873,0.02057652093222256,0.951028576674658
id21115,0.8090522134727294,0.07366439733049432,0.11728338919677314
id25996,0.05885781517499101,0.5124122495639671,0.4287299352610427
id02551,0.002554752705030204,0.0017788658785044822,0.9956663814164662
id19352,0.017695936463441624,3.3363773860032145e-05,0.9822706997626958
id03806,0.018170795496207447,0.04184567228393601,0.9399835322198576
id26544,0.9648867747498032,0.008476835229387783,0.026636390020812098
id18761,0.9435226416808278,0.04485089816547164,0.011626460153702597
id24148,0.13097785697440728,0.8535936406057889,0.01542850241980141
id16095,0.06450847633529562,0.9226536699193917,0.01283785374531336
id18442,0.8657297520966304,0.03493889007651953,0.09933135782685053
id22596,6.94747435583538e-05,7.52749040288264e-06,0.9999229977660413
id23002,0.05617341170960775,0.004612762591674943,0.9392138256987183
id04797,0.9893443160878871,0.004167144148937208,0.006488539763172698
id06610,0.06809427132139752,0.007179776826669602,0.9247259518519322
id16173,0.430674022302367,0.5049356193198515,0.06439035837778041
id18292,0.0677944738581917,0.00480173834989816,0.9274037877919129
id27328,0.9867827862553152,0.0010656744303736143,0.012151539314312286
id01695,0.0049778775954702975,0.9877054756610923,0.007316646743436934
id05761,0.509430662786716,0.0010400757493089093,0.4895292614639748
id16354,0.9757178101680477,0.0013577476826008251,0.02292444214934799
id12207,0.01377623062694906,0.631833838602321,0.3543899307707266
id05665,0.05260598690923344,0.008853733365095713,0.9385402797256698
id01911,0.9237081055744764,0.07098526725646942,0.005306627169055917
id19153,0.13261624786139858,0.00927184477219831,0.8581119073664024
id10295,0.25857508417377784,0.6053752468007938,0.136049669025425
id23038,0.7830506730300153,0.1849752666947155,0.03197406027526933
id23783,0.2969536915319685,0.6993032991751024,0.0037430092929261944
id27879,0.9742003947227174,0.017560157999673663,0.008239447277606171
id19190,0.0055712726979521765,0.9943207629537503,0.00010796434829620615
id05065,0.9542805512252968,0.040173903397652595,0.005545545377053327
id21296,0.03806175681511426,0.904239786675674,0.05769845650921163
id13262,0.23187918453728318,0.20017459729485354,0.5679462181678625
id10333,0.9537056477721294,0.006041429531491777,0.040252922696375246
id16677,0.0718019012786307,0.8374503327439583,0.09074776597740761
id01392,0.3805584195672079,0.009385375611944817,0.61005620482085
id27874,0.7533586293179447,0.19725099897231974,0.04939037170973493
id02294,0.0006462309081150657,0.9987304665368233,0.0006233025550633067
id18298,0.0033881267860056664,0.0666076518524941,0.9300042213615012
id06997,0.9928867536229887,0.006303053260774553,0.0008101931162345867
id05243,0.07365369509514691,0.43650424571793184,0.4898420591869228
id00860,0.24877234194899148,0.587497241438605,0.16373041661240126
id26681,0.9997545628052921,0.00022693415362600098,1.8503041084408962e-05
id06020,0.0031899439994411243,1.7849620988135945e-05,0.9967922063795673
id27683,0.9125217885571855,0.03606439223256145,0.0514138192102543
id17655,0.00988513668012468,0.9864032494464515,0.0037116138734172924
id08817,0.004293960998931102,0.008552673482862184,0.9871533655182099
id11512,0.0029589603157547115,0.0013010036496085649,0.9957400360346397
id00478,0.10262719428109375,0.021433608992223723,0.8759391967266859
id02116,0.9113439212916216,0.05697238511729814,0.031683693591077595
id06746,0.8597589341487352,0.13046447455971233,0.009776591291554169
id03863,0.42864899315172084,0.5328089112192824,0.03854209562899501
id01802,0.10690098070576934,0.7344886596111239,0.15861035968311024
id11682,0.7803887684106124,0.011911278035951814,0.20769995355343643
id04033,0.0014025916808159066,0.9911498629702503,0.00744754534893962
id09286,0.353055569295212,0.22802141236504686,0.41892301833973883
id12904,0.9999219003743898,7.637234550146478e-05,1.7272801060458325e-06
id07420,0.004012538098096669,0.0023660394711895005,0.993621422430716
id22398,0.0004726595914490197,0.998824912811991,0.0007024275965600783
id00424,0.14739893987540809,0.055059391948793494,0.7975416681758005
id20960,0.989159960625224,0.009428540332241319,0.0014114990425346176
id10267,0.25866274634659087,0.3412508329264878,0.4000864207269213
id19330,0.6239683308000652,0.013304978610620058,0.3627266905893163
id00994,0.000674451083501772,0.9973909878350966,0.0019345610813989423
id10785,0.9476473873764134,0.02165253918467795,0.030700073438909837
id00955,0.03823890127154364,0.9216801846611151,0.04008091406733977
id09757,0.01913612979365931,0.9788850379260503,0.0019788322802922285
id10030,0.04374650557224262,0.13572954435988555,0.8205239500678728
id22952,0.0546344701472186,0.2956059621804027,0.649759567672382
id21955,8.2772805522365e-05,0.0015381627699284166,0.9983790644245463
id07674,0.5561017237260606,0.05543742998604647,0.38846084628789634
id13760,0.001371094780731902,0.9978541653191043,0.0007747399001616173
id18166,0.9330941373071027,0.027754542040566776,0.039151320652336084
id23498,0.9541582180424545,0.04328777262527553,0.002554009332268904
id05296,0.9989278829854844,0.0001018259279454485,0.0009702910865692016
id26709,0.9918273119865039,0.004100441251277249,0.004072246762218441
id02853,0.9902815699256562,0.008076339695941872,0.001642090378401341
id06800,0.3033703629360919,0.11099458731263967,0.5856350497512673
id14758,0.6607815348136438,0.3229243498177553,0.016294115368606813
id12356,0.9950241562545842,0.0025396494156917204,0.002436194329721191
id21492,0.9609056770522378,0.029780186441700936,0.009314136506059592
id27540,0.8107158996020795,0.00017952930990366222,0.18910457108802095
id07376,0.3025564932772722,0.020871484848045033,0.6765720218746838
id15201,0.03015060130677692,0.9585749504731811,0.011274448220040022
id23388,0.027757960751149478,0.8924262114263268,0.07981582782252156
id13923,0.07942073603709573,0.90927084873861,0.011308415224293258
id00794,0.004836662320083742,0.9933108342016274,0.0018525034782884467
id23910,0.061543770635901426,0.047683519383851375,0.8907727099802438
id02556,0.014033324448768727,0.02246781160917507,0.9634988639420577
id22151,0.048977938825343535,0.9506060140210557,0.00041604715360627365
id11698,0.00042692067485387576,0.9982399077531043,0.0013331715720404141
id11627,0.45630266892635046,0.014932042149485096,0.5287652889241653
id06340,0.9999720363093241,1.3273282045260566e-05,1.4690408633347388e-05
id05123,0.980849384164697,0.00793495635910578,0.011215659476196582
id26620,0.03169657016876799,0.006566084527202239,0.9617373453040321
id04002,0.13737058857161724,0.12624672731097808,0.7363826841174057
id26554,0.44773804549930324,0.06618519021736569,0.4860767642833328
id18012,0.6090982800306957,0.02337643269067201,0.3675252872786339
id12964,0.14325480583069503,0.013434215373062641,0.8433109787962448
id18965,0.027092893944869988,0.6816446659530999,0.29126244010202784
id19082,0.23608949728544934,0.018387629506828655,0.7455228732077185
id26742,0.010224704870283942,0.00042007139790344625,0.9893552237318118
id15442,0.058870562921958,0.8937507307060273,0.04737870637201197
id16647,0.5332180471559415,0.1172424410723232,0.3495395117717378
id11544,0.20381109723575014,0.0944956816587781,0.7016932211054728
id20581,0.48028426903414173,0.013706454584023118,0.5060092763818345
id13192,0.1639277138551526,0.7240772784990537,0.11199500764579173
id15814,0.10728526687403882,0.0283739249853641,0.8643408081405991
id26279,0.01532310423546262,0.983430262283644,0.0012466334808958533
id00240,0.9701871916914484,0.017188118521762767,0.012624689786788738
id22836,0.9985051293786703,0.00023835575350443435,0.001256514867828194
id15085,0.004919731584091172,0.2627435175654031,0.7323367508505073
id17495,0.4572099322176007,0.0013374113355257109,0.541452656446872
id26762,0.7137783228395106,0.030429149227175295,0.25579252793331775
id13685,0.9993711596722114,1.562884792344724e-05,0.0006132114798651064
id16560,0.001518092279632817,0.998206619300756,0.0002752884196133395
id17184,0.000504122354874674,0.9989335193500548,0.0005623582950681159
id21635,0.9937548706120111,0.002196560114037778,0.004048569273956093
id26751,0.24838601867898735,0.21402252560480012,0.5375914557162129
id12351,0.987808326977061,0.003108445013741245,0.009083228009195305
id14872,0.27153814041323043,0.5184886091153706,0.20997325047139748
id18372,0.9758497608007103,0.018558452862904938,0.005591786336381837
id26851,0.9166104448650173,0.06556579505396978,0.01782376008101273
id22659,0.22266415830430375,0.7767247724896457,0.0006110692060522486
id04102,0.005481213231853272,0.0002679134950097337,0.994250873273144
id02353,0.09489235805897359,0.8953441941645537,0.009763447776474483
id26721,0.9976464168569413,0.0021641874708788517,0.00018939567218063686
id11171,0.8005606901655183,0.02934636377821535,0.1700929460562672
id13562,0.423844908116187,0.5512470577664099,0.024908034117401306
id26425,0.24006076806621965,0.18512502857788354,0.574814203355897
id26394,0.49356604655725295,0.15041441592829063,0.35601953751445414
id22187,0.12864556400632648,0.8058773482886064,0.06547708770506709
id00422,0.9997667268998147,0.00013604894023600792,9.722415995166693e-05
id22667,0.005079823198636075,0.99488289289617,3.728390519470852e-05
id00911,0.9696744493705308,0.006148163381163632,0.02417738724830425
id17291,0.2289889087463791,0.027994868240251315,0.743016223013367
id01915,0.08431630519893818,0.14891589327562482,0.7667678015254379
id01434,0.0428301474979658,0.011157994686006973,0.9460118578160256
id01584,0.6349531005560083,0.004103107686827237,0.36094379175716557
id09266,0.9861550112691525,0.002929600513306176,0.010915388217539082
id17494,0.00023966233101219793,0.9994830568964429,0.00027728077254573054
id24919,0.18472339835287294,0.31486408457432263,0.5004125170728043
id21043,0.07076772078337562,0.0003026956044708399,0.9289295836121602
id17796,0.03684138008098458,0.96255276693647,0.0006058529825485054
id02166,0.8438237676889413,0.020793915304008016,0.13538231700705633
id17503,0.7357918298649964,0.004509923950425186,0.2596982461845784
id21203,0.11766448136464529,0.0789662261444862,0.8033692924908691
id25626,0.9996362495038816,7.201870803259757e-05,0.00029173178809244383
id09836,0.9966610686549777,0.001824972395285785,0.001513958949733961
id24202,0.009642856339188313,0.019225890414695343,0.9711312532461183
id27260,0.8978978767225463,0.02027060484339431,0.08183151843406106
id23167,0.004297534375418315,0.0012682877317336078,0.9944341778928515
id10393,0.005126954629310879,0.9934121105542514,0.0014609348164369128
id01171,0.9239819235622113,0.07435284637979438,0.0016652300579933542
id06380,0.9878589563530056,0.004735246614665064,0.0074057970323303315
id22686,0.030921645645372524,0.0008557220051761653,0.9682226323494497
id26250,0.1661451206751693,0.06720785625515545,0.7666470230696769
id09315,0.36069447406315336,0.5424212258341856,0.0968843001026584
id00886,0.07721558188113901,0.8738638176330841,0.04892060048577608
id03101,0.5253408933066478,0.02613225938838897,0.44852684730496556
id12367,0.5326352299398905,0.038157408244546206,0.4292073618155633
id10770,0.9513697273745021,0.01278796146061659,0.035842311164883366
id14949,0.0005795663531772912,0.9993609534282955,5.948021852614408e-05
id14141,0.158168223428586,0.8397214709630935,0.0021103056083258557
id25417,0.5477171070102461,0.32926979318953037,0.12301309980022693
id26873,0.7574730816231345,0.059341765198386194,0.18318515317848014
id10818,0.899164095608397,0.022554964086485538,0.07828094030511806
id15146,0.8437445981405423,0.00896068777888346,0.1472947140805749
id23328,0.9011013576299731,0.030058379060467474,0.06884026330955814
id16765,0.0824613070385895,0.34581758320507755,0.5717211097563335
id24383,0.9820591012970117,0.0016955026352125926,0.016245396067772314
id21304,0.9475180211374465,0.04194567315246302,0.010536305710092857
id12551,0.00829785203480966,0.9898384621768322,0.0018636857883547896
id23274,0.024963163548386548,0.03577634702540948,0.9392604894262059
id08117,0.9055926555497732,0.016856399963305985,0.07755094448692205
id23961,0.9806062539200865,0.012811291863495531,0.006582454216418809
id13865,0.017676982559830298,0.9791602649874148,0.00316275245275539
id22807,0.06518779563795665,0.005263617909039241,0.9295485864530048
id08951,0.04423858407700357,0.14817504618022231,0.8075863697427731
id18684,0.9966310975613434,0.0026872637595846895,0.0006816386790706462
id25179,0.4283332711962176,0.37371865203373067,0.19794807677005113
id27033,0.8556012268383294,0.0034540411444012567,0.14094473201726584
id13977,0.018381746721200912,0.9240959341320579,0.05752231914674385
id19337,0.0018072588121038147,0.9550004222355968,0.04319231895229617
